1.0000000
1.0000000
1.0000000
1.0000000
4201878.5420919
-41120747.6607153
1.0000000
1.0000000
1.0000000
1.0000000
13476949.1158168
1330114.7742959
-8432534.3700221
-77327295.3109378
1.0000000
1.0000000
5477291.5519799
17097907.3094826
1.0000000
74769.5818967
422301.7264413
2741423.9427214
-269447515.0399870
1.0000000
1.0000000
-34881936.0597038
99831071.2021138
-172136976.8736688
-933140442.2439870
1.0000000
1.0000000
62713362.7001643
318146245.8973957
6905976.9149787
996365.1740709
7004190.3487259
33858283.9470510
-147858649.4980316
1.0000000
1.0000000
-163834812.4096560
191939653.4023752
-527598106.1365635
-1656199364.4746537
1.0000000
1.0000000
633021718.9722441
1632509326.5805926
11146874.5968105
4821004.0929774
33698037.0560073
-126770496.3434967
-120314506.1350113
1.0000000
1.0000000
-468156535.8643227
-179481588.3240475
-152285241.0985741
-1258215795.7736723
1.0000000
1.0000000
1225841041.3865104
1863450864.9872878
1269847.0373015
15556559.4261466
45651045.1298938
1.0000000
1.0000000
1.0000000
1.0000000
-585212330.7915218
-302988906.3657174
1.0000000
1.0000000
1.0000000
1.0000000
973081860.0442957
1476228164.8626494
114294827.3609908
15805708.3997042
30254698.6830837
1.0000000
1.0000000
11157952.9943510
26456.2657983
1.0000000
1.0000000
63828602.6087313
-7224378.0302470
7214273.4867552
-38450523.6624979
-54202189.3903010
21680883.2634105
-536145.5515608
-1563361.5083205
279643.2850063
14356604.3636931
1742826.0823250
-33179441.9503965
-25434100.8666231
8259831.6239606
-397643974.4728275
18502854.5378873
142740442.8540303
3054937.5197990
356382.6091838
3187436.1416194
-68894634.5172230
-41296238.3903355
-55090923.5055958
-85832190.4342298
55932890.7962459
-35983666.9239692
35339342.7706131
458508970.2823166
-2667579.4468625
2196777.6775463
11647016.8306151
-39570108.2697434
58511779.1783024
96058744.6237411
82448853.2070687
159265514.2790788
462543059.9446421
44242806.8646872
-180945656.8048355
-9582557.9195463
3934336.1336562
595131.2075363
1.0000000
1.0000000
-738755578.0233815
-1928204788.8781400
1.0000000
1.0000000
764625999.9359496
258348788.3006546
10097539.3602494
-67757300.2167678
-11950424.5907842
1.0000000
1.0000000
24719281.9314303
3301564.7428034
1.0000000
1.0000000
117445757.8106698
-8836125.1450828
-4796802.6293011
30734567.3202232
-118342582.8963325
15774238.5767979
-1677963.3147248
-3162735.0285268
-257693.9746988
-31350498.3124406
-7882829.9871366
-5656525.1211327
-6909959.9667769
4153286.1914199
71574182.6430483
31096229.4031265
-47812273.0568509
-1094548.4016681
129145.7963066
-1475065.8968792
-6568238.5869483
10694706.4554894
-32159440.9690398
5576969.5992006
32611023.7584768
-49308497.2590288
79517620.9324802
-19144733.5793676
526615.5617631
847467.6280984
-1353578.0338486
279167455.2228903
259349681.0368863
-123189728.9932457
16192732.1096724
-218732789.0132133
-930666141.9838786
-29995923.8888860
69943589.7923796
2987443.0392662
-1435236.7750895
2741642.5593346
1.0000000
1.0000000
1304747102.3976352
3956888127.7388544
1.0000000
1.0000000
-1129714685.4908569
837640978.3215464
12054875.3248734
5497271.3275871
31517278.6020944
1.0000000
1.0000000
25126997.5947988
5799136.2921199
1.0000000
1.0000000
41135819.3775924
-8493181.2695240
-29298174.3741857
12880529.8070987
-128624458.6309946
18980450.0851635
726489.6858896
-3016368.0065429
10929.8769368
6231966.4740183
37594469.9124177
94537042.6669165
3585701.3416906
-27777407.8080438
41835209.5203539
-82976472.3943599
-12018559.9453730
-616259.1862692
-2458840.9944297
-1088470.1405320
261330871.7626660
-328883198.1366423
131894312.4300325
-62464480.3815791
108349960.9385948
35290506.4257066
-154828147.2977690
82765857.5978708
-748186.2238116
-1866429.8704627
455269.4161047
-262790324.4239126
339210852.6336499
414077264.0887142
-280498927.0258879
-219585677.2004473
260185996.0100938
89566636.3921344
17721655.7014695
-1880590.2975176
1835470.7870076
-2324891.0385436
1.0000000
1.0000000
-1174467846.2919204
-2320623292.4607182
1.0000000
1.0000000
1125544829.8701558
-2772650546.7335639
22069789.3854165
-11961802.6045678
-33976583.9482081
1.0000000
1.0000000
1.0000000
1.0000000
1.0000000
1.0000000
1.0000000
1.0000000
-19735832.7529443
12633586.8320359
27082697.0078739
14770016.4566484
206403.1054694
327395.9672537
271817.5516839
1.0000000
1.0000000
1.0000000
1.0000000
-194067779.3249913
9905842.6538225
-8828802.7163145
-42333648.2838905
1123166.7971650
-515547.9428881
-951767.7265065
1.0000000
1.0000000
1.0000000
1.0000000
1391917856.9546459
-954173762.2754678
574084700.6871213
-1473350.2272498
-442276.4659872
4622899.7208507
142055.2201517
1.0000000
1.0000000
1.0000000
1.0000000
-1104342153.7338698
3416013476.9684601
-2425477313.8558044
-1255659047.1246483
2323021.5362534
5937883.7733108
-37241605.3938774
1.0000000
1.0000000
1.0000000
1.0000000
1.0000000
1.0000000
1009452360.2287910
2849066059.5622816
-28312141.0805373
-5271231.2113261
38500575.1217727
