329102391.1401301
-636041750.6326783
671810042.5073686
-426337248.8479258
334811676.9564343
-144087889.5829122
138937369.9864524
-57285338.1666142
73726378.8205627
-32128505.8231256
56397939.7909959
-31899436.6380317
72372705.1555504
-54211597.9766918
135610307.9800446
-166510627.0385275
455632067.1087357
-763676287.3813940
1192347273.3756261
-1288983072.8152187
583605636.5360012
1725927894.4925437
63556793274.8311691
-3020215178.4024539
33311991541.3773308
966494455.7027216
1753040051.4389856
91274361.7922556
-80770428196.5535126
-77110543277.5479431
3487824914.4351926
96745356089.9612885
66167588811.3582993
-1961725343.2171636
-498990548.4294366
2001922151.7330868
-53189323.4866327
-98367857694.9275055
-41843548190.5616226
1979151633.8426306
83546136940.3854675
21376738152.7629013
-747161627.1489058
-340108816.9859785
709558615.2933427
-35306288.7773950
-65835992799.3670578
-11715771077.4789410
1010319718.3612566
49535734566.6103897
6460423691.2634058
-331537285.2642119
-71535221.3257682
235515179.6594171
-7372999.5795707
-35941975852.4733810
-4447509897.1092758
575293658.7692035
26943219120.6449928
3362701247.6586213
-181743134.3774183
-14786146.0571673
134697806.5111247
-1480588.0206100
-20799633922.3380890
-3126754158.7450385
444132771.0773017
19509642622.3002205
3362710824.3008380
-180330082.8031728
14611690.1928707
134636411.3397708
1274156.9197559
-20774997698.0940056
-4447527638.2926435
563273590.3989258
26703564974.0807076
6460453244.8583136
-307009398.5836779
71442719.7457468
235437712.5080858
6870023.7308813
-34982024907.7055588
-11715817772.4417419
973129238.5028409
44602453802.5961075
21376819243.1755486
-964812187.7591833
339921067.9178022
709989866.8419713
34332330.3274726
-51788543298.8003845
-41843711108.0279541
2993274639.6339607
45468477743.5424118
66167815726.9522858
-5070132667.6049957
497088322.1239420
2002942648.5874679
45053227.9089639
-28212022043.1468353
-77110826751.3048859
7967052447.6858826
1711084274.7991252
63557006224.2764893
-8928492599.5489273
-970015835.4551165
1752624020.5387914
-111577865.8998536
13801408817.3319740
3797753489.1284351
-617289110.7552466
16067446545.9647980
27893952693.0317955
1757245308.1309357
-37689106955.6647339
-34691445268.3886719
-1280075149.9678154
46147708829.4102859
29065162052.5005493
1075406164.4590158
-45655665152.2523727
-18761470579.0218506
-169035801.9281682
39548756316.1991577
9201282483.9360752
99744929.2155639
-30328068864.6750221
-5067469289.4123011
265884900.4019434
23668289375.2399178
2594720481.9071355
-59878454.7028222
-16487654308.2998123
-1816215731.7712586
206130705.2252817
13030799973.2872543
1294131752.9068489
-36283787.6263134
-9482202594.0836411
-1257406654.1869466
161583974.8323289
9482775118.3820724
1294133376.4214709
-35537401.9512910
-9470803768.7374172
-1816218911.8721216
200632287.4786344
12913501895.4706860
2594727875.1607480
-49421086.3551654
-16060563476.4252853
-5067502576.1583509
251250898.6745375
21467847429.3340340
9201386154.6792927
4623499.6463732
-24186059586.6415215
-18761833085.6310997
261570446.5950351
22893175382.9621277
29065723219.2297859
-207394240.3982735
-15444744008.8892059
-34692265959.6847916
581395906.0778834
4313905687.1740236
27894541681.3958168
-655500648.9384949
3231400833.1966376
255521511.9343780
-4847647095.8152895
41765332994.1150818
73282710063.7672882
12044584971.0867043
1126164954.2184212
2041368584.4407513
-46681018.3209038
-101728170423.0767365
-88646290683.9132080
-10168931792.9877338
121455023056.1199951
75287076722.7033081
7529114945.2433147
-594970923.0503340
2302277665.5430975
40986115.7222139
-123466210994.8307800
-46901997623.1267242
-2897963889.1895308
104259861953.8502045
22999278744.3345757
1184530493.9666288
-398106131.0337634
773312824.5902768
22948020.1878335
-82836791082.5215607
-12042512433.3792763
353337960.2922717
62557818746.6649933
6184297949.5584393
-38000577.5014359
-77627536.2284137
229509366.4888367
4771542.7124343
-45819817231.0915222
-4131351173.3768139
489175068.0442027
34496375738.4509125
3046381459.5187125
-44703294.3793314
-14426258.8504632
124636674.9491338
1172263.7656196
-26716431863.3093719
-2832574730.1123042
392627291.0448440
25084413519.4826698
3046380197.8249621
-42694221.0572513
14473492.3915983
124698576.1283731
-755339.1354571
-26689327654.0531616
-4131351555.2747211
475463034.7691315
34235837547.7559013
6184305684.7647877
-11287198.7509321
77607389.7896940
229667138.0443403
-4816205.1101646
-44783752880.4167023
-12042622325.6473064
313348003.5043073
57265325271.3843002
22999669217.9419670
957080969.4388700
398038204.0449246
773656290.3423415
-22469987.2318629
-67844529672.7460556
-46903263297.5842972
-1861157151.1772668
63613610779.3949509
75289465127.6905823
4335237613.4944954
593835209.4354830
2303017673.4119024
-27351797.2114269
-48545375623.5313492
-88649375866.5787354
-5607115510.1226053
18624620385.9835854
73285314026.3397217
5983858328.1625137
-1129592683.4313743
2040093615.5271165
74590871.3450712
2681923574.1460671
-2742271634.3980446
5752924470.7210693
9436129960.3201065
1822647689.2609444
-13545643413.3992157
-11864590475.8517494
-1685118334.5294828
16708085398.0560226
9737392895.8682899
1216159469.9713316
-16443703018.2042904
-6324534636.8294353
-524015167.0773557
14093582042.4699402
2975551361.4329133
207813743.0939274
-10824181807.8424320
-1618216966.6725624
24606268.0809119
8561849637.5514774
771457666.4918629
2164094.3028253
-5875261714.5796490
-539986317.7997493
61299139.3435798
4810088443.3499918
367377322.9891722
-3674621.0502282
-3375731114.0357280
-367142985.2644340
49787309.4360737
3525548626.7789631
367377246.0631940
-3465891.5363870
-3372233095.7851453
-539988753.3893594
59425792.3839943
4770104216.5399628
771459274.3725770
5361622.6908194
-5739534745.3044863
-1618236347.3182211
20174374.9968323
7857484897.2159166
2975606337.0713277
175012832.6417172
-8852894842.7200985
-6324682738.1374369
-381784108.0075171
8757501309.2845020
9737725515.2077045
801560490.1162486
-6743605837.2770557
-11864979711.6751556
-1086052377.2275975
2994143964.2206168
9436493430.8651867
1081212579.1047792
-25602075.4337401
-416497976.6247939
346724572.3360420
259130668.1544172
56669650.8481494
15728356.1338610
21406903.2096561
-12956896.8583955
-518357387.7967900
-510302037.3382243
-93290159.9235983
867698531.3363736
311360162.6984715
60632496.9466554
-5467035.8494682
26450251.1307935
5242943.6701804
-626093382.4264505
-308390416.4300897
-40426342.8434155
676676469.6041440
112196927.2673112
15405776.4904105
-4694442.9844158
9157293.8912739
4025978.1680833
-363056305.2420304
-86740946.5154638
-4329922.0411114
410131866.5526924
24028336.7305245
2072234.0827557
-948706.5012711
2509139.1295936
794431.1224222
-172059009.9917064
-25633517.7438859
813181.6255132
233942152.5341963
7542074.0164623
689164.3568335
-130514.8778511
1278980.7221993
128910.7868561
-86990355.1815482
-16391300.6718499
778558.5540229
173011679.7584026
7542379.0090715
708530.6096126
202701.4433947
1308643.4130914
-153190.6083043
-86680057.3183054
-25634219.8972502
701623.7756630
230669200.0094422
24028897.2959365
2200760.9713555
960101.7365734
2516483.0334404
-781605.0391738
-164310070.7404408
-86740910.9300100
-4174643.1856965
367191450.2413306
112194742.8140520
13413811.6701410
4788221.6921638
8658638.7318905
-4056109.0835161
-280507440.5046205
-308381916.4042542
-32200088.2038854
419535351.8732780
311353107.8710710
46320552.7294840
7491310.9605912
25325070.9664451
-6384606.6161916
-309122723.9180201
-510300043.0003009
-68288061.8536230
263721076.5188934
259142843.6386594
40333690.6911311
-11236863.7787110
22725750.9757691
10250186.3658074
-106265161.6689970
14107461.7835738
-79645291.8650690
-140908831.3032706
3844524.2845976
244167758.3827651
185282611.5321520
-11244346.9636278
-276247333.3941987
-146422805.1749310
9437340.7278915
287710870.3652512
99564726.1113744
-10462485.5545221
-223521337.4001768
-45071859.6087020
3002940.6850046
176832277.4191652
25474384.4067716
-3239468.5127589
-121526328.3279309
-11278283.6032370
253279.6821818
97787076.4705211
8407143.7379692
-1059558.4913566
-66856134.3173859
-5160371.9669253
-74024.1356553
59927250.9274085
5720861.6581356
-750841.9279425
-48510684.1807476
-5160296.2728564
-80016.7509905
59810017.3926673
8407039.5947917
-1020461.0449362
-66369078.2932150
-11278359.4453864
181081.6272277
94649747.0098131
25475680.3910598
-3156491.1137192
-104119843.9038917
-45075093.4828204
3653756.1043299
139790283.8999217
99573379.9486114
-13442888.7551266
-102664364.3705191
-146433220.3934110
17628205.4915377
108379076.3731616
185291798.5679785
-23154733.6172518
-10825006.7678356
-140910580.7701315
16998996.6176415
-33020605.8141256
46827772.4173016
-2603010.9269193
-42169750.3839065
-29903812.7907406
-267381.0719315
-5514853.6478597
-574950.0419832
-4209366.8292561
92095805.9919481
66064537.9675967
-10180792.4429028
-54158721.9734463
-35018545.2732614
3003372.8640012
-4600266.4398172
2293857.6025444
73777187.6563300
56892692.2811000
36163354.6402004
48502797.5077795
-19987130.6314135
-9428142.9188839
1031479.3956479
-1384931.1456075
848391.7145419
65392509.5419479
16093720.3525180
5345477.8736900
5398665.8382901
-4092267.4613319
353021.5198249
151893.2181886
-466142.5027362
136822.0959305
-881710.9235914
4628104.4621535
-908658.2472216
-11734510.5390708
-1157498.8969082
1097938.8156161
24265.8952053
-265683.5610852
30044.2833891
-17641194.2075766
2908939.6692263
-1082617.0882366
-9524831.3871179
-1157465.6942574
1097396.0579796
-44673.9254451
-261313.8295252
-26817.1066712
-17642835.4512798
4627967.6594094
-906227.5779627
-11658210.0538148
-4092333.9628173
349575.0495065
-241842.6079373
-563343.7421714
-177848.5941870
-1043258.7569214
16094871.3177086
5342580.0233748
6304927.5889034
-19989918.5445727
-9394397.7933566
-926778.4786908
-2271669.8170765
-757129.5675900
63545986.2967206
56905741.7987486
36002634.4885589
53386145.0562837
-54166914.2966394
-34757913.0976045
291216.3247847
-5977100.3675449
-49506.4615052
67397967.5600585
92105681.9079007
65606020.5928614
1665080.2562752
-42164450.0295084
-29565153.1980293
5083193.4714786
-3485665.5916180
3895655.0602092
-12176629.1772702
4083981.0925802
-1855853616.3616800
-3046525421.4449711
-2571347437.3718438
2120450559.9611535
3920327171.9187527
3177047756.1928973
-2142258746.1733627
-3161042772.0634289
-2443406898.7347989
-240583093.1762737
2097645563.6811728
1430632701.0581985
-5974296832.9580765
-967254306.8632241
-510469732.9651961
522053463.5206582
539495239.6467377
156051340.3785827
-3301948755.2478538
-249946266.6373059
-11829567.2300885
1121602248.3334653
181875398.1300410
-27403810.2598028
-1057805446.8802311
-118074353.3776051
16830102.4160229
807876481.1519642
124379024.1221192
-29627292.6718262
-614585713.3654559
-118074781.6372042
16829748.2024446
807897709.4670547
181875224.3748250
-27395183.3433422
-1057747330.8975118
-249943049.3165250
-11830659.2462463
1121712973.5403545
539477147.0048299
156120373.8742170
-3302149529.9830532
-967239670.7938434
-510577515.5186604
522919751.5516139
2097596308.9382155
1431015869.8509130
-5975240174.6691780
-3161066463.6016521
-2443940724.3743520
-236094032.1142442
3920433139.4752898
3177288164.4282050
-2148396645.8464236
-3046742792.1948996
-2571326093.9040732
2123879250.5432057
-1860492155.3429949
2549554230.2379708
4102196231.0512719
3411681985.6212630
1351886.2349727
421428375.3546171
58295529.8681865
-5508939250.0484161
-7722049225.2193928
-6225622398.4573078
9708192859.5359669
4756770507.1670828
3726605794.3872466
-235494755.6196162
343767515.3217271
-179959187.6819836
-8667191754.0819263
-4546062696.9327993
-3154082155.1952076
3706951482.7818718
1630666943.9941740
1001825203.5878111
-75523881.6960672
101571233.5012847
-67745039.7185857
-3869942219.9472194
-1261899263.9368279
-467090451.9728987
2142052865.4181161
358278155.7962450
70619723.8929630
-10234346.9393256
35341423.4620904
-10189449.8162357
-1305874990.0903091
-391468946.6043695
29625322.3075999
1984790760.6333005
121888911.5911333
-13374230.8707791
-1279272.5097471
20671196.1114604
-1440634.2301365
-636413529.2593328
-257436638.1115721
50612326.0484319
1660870977.3853140
121885431.0716611
-13374568.1886794
3712612.0292037
20289452.6965803
3118040.8416607
-636394808.4805660
-391461543.5113553
29595594.5173356
1984859432.3837554
358290901.4000047
70652725.8065546
17486871.2225481
42137397.8595278
14758452.1579606
-1305830179.8790622
-1262054046.6165001
-467316470.4935040
2142221467.1330872
1631021481.1409895
1002181580.4858038
65012763.5437700
166636437.6098296
61001579.9020707
-3869921941.9481878
-4547275068.8136425
-3154977416.5015149
3708368876.7810154
4757637044.6668539
3727277266.1922855
-31389563.2154035
447698493.8403126
11482596.0665126
-8666045934.2600784
-7722847595.4142551
-6225646784.9543438
9707132773.6967602
4101881086.5614405
3411029834.4773850
-390189138.8882849
270311034.6434475
-304459834.9598595
-5510925221.9616032
2547468866.5778112
81476555111.9352264
236796756875.1845398
199775085524.9390259
-220862333981.2962341
-288507478669.4149170
-233551703226.5559387
278530677420.8746948
243908345699.1091003
188122143053.0754395
-302738544834.2916260
-152747653669.4866028
-103836402820.4811859
183900752893.9487610
74274409078.7432404
38576728331.2212143
-186430352459.7651978
-38924255956.4745255
-10998435344.6776619
112660531883.1146240
19639818296.4920616
711182148.1254613
-96488371222.0361176
-13142289718.9914532
2016396719.9100301
73419366566.2311096
9562225639.4508648
-1409822441.0458400
-56147612655.8574677
-8966747995.9752140
2142407339.4496851
55870650419.1114731
9562219649.3859692
-1408581030.8560708
-56147592316.3875198
-13142189752.1905327
2016063785.6094635
73419430549.5603638
19639913258.7273827
716169118.2291920
-96488342169.7330475
-38925096844.2964249
-11001231586.6668530
112660547399.5747681
74276926595.0660248
38606462407.9341125
-186430817147.0904541
-152759530625.1546326
-103854974513.7351532
183902777199.9662781
243916420876.2250671
188181734788.2655945
-302738038378.3603516
-288519285232.8739014
-233555613461.4676514
278530350778.7564697
236799620239.0586853
199696324654.6234131
-220865865107.8043823
81474217142.0696411
662818765446.7460938
1801606561117.4645996
1520170140744.5361328
27232907100.7529945
50053436436.2293167
3068066448.0114012
-1637682754277.3967285
-2190079804870.2751465
-1773791568347.3740234
1995822699146.1406250
1855589452529.9179688
1431588010090.9685059
-14821732660.7025547
56331683388.5689468
128405029.3781301
-2032860934815.0371094
-1160276510492.7395020
-789566063091.7254639
1621763780732.9721680
565648591334.4329834
293856959070.5699463
-9822868412.6362228
18829309612.4753151
-546719836.7386799
-1307343354817.9428711
-295693250615.2349854
-83817194383.1639709
971200259980.1660156
149477250481.0350647
5455540238.8567324
-1896889216.5798221
5491633683.2387190
-141720527.9706252
-733723822361.6857910
-99671144482.1265869
15318922415.5572090
560796448502.3315430
72700480592.4322815
-10713519990.3764515
-345121994.3702245
2945912143.2488804
-29795896.5341038
-436700097948.4851074
-67948435173.5803833
16283506944.3744278
413798316015.8635254
72700488295.6534882
-10713300843.5141907
349804058.3357615
2945184927.9721584
11766069.4351634
-436700091475.8912354
-99671226475.8666077
15318699997.8921013
560796537381.9543457
149477936577.0081177
5456590569.3865833
1911450628.2954829
5505852274.9851913
88459231.6571808
-733723802580.5245361
-295697649932.1681519
-83820154611.7584076
971200597491.7733154
565660744932.5437012
293867985173.7233276
9801691836.8673038
18961291891.2619781
624759653.4132822
-1307344929925.5598145
-1160308434901.5161133
-789586454942.6724854
1621767679247.4011230
1855629262939.5683594
1431623306964.4460449
14294816728.6438408
56539107124.1423950
1837357048.7290432
-2032862458229.3395996
-2190116928604.5593262
-1773810408021.9282227
1995825345367.8449707
1801622312503.9389648
1520164695738.4880371
-27993940300.2626228
49751337799.1313858
-201458847.2331083
-1637689476700.6809082
662817635398.9007568
261333094050.5979919
719708160792.1943359
606816031222.6397705
-675132729504.0294189
-886051250374.8391113
-717306367543.2714844
849034327722.4462891
744298737706.5041504
574597118640.5572510
-888768425625.1159668
-471824745976.9555664
-321215689922.7846069
602981563014.2855225
227978636826.4721375
119173166072.5248260
-544875901025.6740112
-120738082139.9557343
-34723783043.8174133
361376177890.9026489
59897504147.4682083
2409306698.0818377
-289703542107.2391968
-40470267239.8165512
6089164496.1864033
224402895293.6946411
28871489089.1567650
-4292285609.3536515
-170489724588.7802124
-27518411302.8580551
6562632070.8579588
168996319916.8600159
28871491596.7479401
-4292148688.9942694
-170489706668.9813843
-40470290744.1763153
6089107226.5099344
224402963658.9748840
59897664561.4102020
2409913069.8985562
-289703510978.6102905
-120739013118.3522491
-34724340287.6518097
361376245047.2427368
227980984333.3422546
119176960682.2481079
-544876504983.5516968
-471830939253.0413208
-321219176187.0314331
602983781161.6125488
744305966722.0073242
574605085532.6795654
-888768003376.9155273
-886057777880.5875244
-717309355146.6842041
849034231338.3081055
719710425447.2106934
606810137865.9451904
-675136512371.0130615
261330877857.3213501
764722499886.4178467
2078843153526.8039551
1753412036637.3432617
32469126315.7239304
58568539234.8901596
1388956262.6712351
-1892814462026.7561035
-2530696070315.9877930
-2049226169503.1782227
2310161108542.3369141
2144616623289.7641602
1654577091184.1706543
-17068357896.9731445
66355255971.4263458
1021669274.9373477
-2349261565381.8642578
-1343059270439.2646484
-913923999481.3354492
1857255035821.1162109
654915434780.3303223
340206143103.9880371
-11556145143.0303135
22256558648.8524246
58288377.5614237
-1491943596062.0202637
-342573023690.0164185
-97233663232.5050507
1103618762711.8745117
172776567545.9721680
6123776662.1984501
-2248631479.9528975
6466579037.6634521
-23760813.1871603
-834304578054.3323975
-115168763240.5151825
17797026705.5968933
638821030188.8314209
83812941937.1083832
-12593433438.9232597
-409319218.4995670
3455556336.9629345
-8815580.6202352
-497212439106.6578369
-78412409744.1999664
18919549560.2591019
471997580161.7509155
83812948158.9136353
-12593432383.0314445
409260132.6243583
3455577714.9911814
-10145750.0911143
-497212441003.6323853
-115168779561.9593811
17797004911.5611382
638821041261.4063721
172776590238.4152832
6123793176.6201553
2248295618.2543902
6466134932.3200169
-30877603.2319410
-834304594107.8624268
-342573049174.0625000
-97233784379.1988678
1103618864465.5246582
654915467084.1033936
340206199327.0134277
11557048351.6034966
22252324582.5955200
20681727.4805843
-1491943852469.8203125
-1343059137178.3884277
-913924171560.5886230
1857255488753.6862793
2144616815117.9677734
1654576767126.2675781
17086555450.2190838
66348319095.2220383
963725077.0085975
-2349261910723.4526367
-2530696371497.1899414
-2049225529011.0915527
2310161586976.6352539
2078843830792.9919434
1753411507186.2387695
-32441993297.6253967
58578603502.3506622
1496837917.6232541
-1892815201714.5698242
764722606226.9406738
255802733614.5602112
710057512638.7122803
598536475614.9833984
-668240959928.2197266
-875070331971.3203125
-708303086527.4495850
843674036200.4257812
734630780031.2137451
567127527722.6750488
-888026344589.7908936
-466259334740.5572510
-317345142176.5646973
582982716085.8338623
225130067883.7703857
117641983418.1835327
-538189179404.2347412
-119358214021.3684235
-34295503501.5111122
348335212156.1651001
59111273414.4987564
2322887942.7085543
-283163773356.2786255
-39978016853.0224380
6042002197.1243162
219535823228.7669678
28464950229.4724922
-4281459322.6182547
-166448230226.6299438
-27174122242.3791046
6506375666.3153257
166030560977.5242004
28464950677.8582344
-4281470692.2900300
-166448228456.2793579
-39978015571.7678375
6042015305.1964550
219535827428.4968567
59111259977.4408112
2322839769.6987133
-283163778008.0418701
-119358127902.9611816
-34295407804.5036430
348335223664.3671875
225129830016.1535339
117641646798.4227295
-538189159288.6290894
-466258768415.6443481
-317344669549.2857666
582982760384.3168945
734630062061.5655518
567126704801.1934814
-888026284448.5722656
-875069734876.8785400
-708302842502.6737061
843673906780.4840088
710057289512.6810303
598537049181.6771240
-668241025686.1544189
255802571710.1533508
760726911257.9626465
2065766722220.9685059
1742421182997.7475586
32239616067.1393776
58185110061.0156937
1441725001.8126190
-1883194970337.5427246
-2514706928984.5175781
-2036340526745.7692871
2298668219372.5151367
2131069420953.0356445
1644228585455.9584961
-16964963490.9625874
65910484554.6636353
987794473.5489563
-2336967194952.5991211
-1334533819118.2351074
-908134063906.0260010
1846354635157.4243164
650762453713.6992188
338035169515.7055054
-11479865728.6595039
22106267232.2479019
38282569.6856890
-1482007944426.2246094
-340395278936.5612793
-96597403246.4144440
1096088406630.5364990
171687438878.8429260
6076128661.0486794
-2233513213.2927852
6423434033.1905899
-27375859.2544926
-828593569151.4067383
-114442248271.8532715
17684718950.3134689
634537200980.2792969
83288701293.2578125
-12516354183.6318092
-406580906.3906990
3432695334.9812918
-9457824.9736471
-493962329045.0311890
-77919479028.2913055
18799526874.0932198
468893840886.5972900
83288700957.4083099
-12516354519.4002495
406571096.0293586
3432694182.2518606
-9379068.8117094
-493962329100.5805664
-114442247129.5995941
17684721219.7467461
634537202063.0655518
171687436691.5312805
6076125726.9602041
2233520259.0656085
6423460699.1453314
-26965849.7367253
-828593570182.4822998
-340395271964.0111084
-96597388470.9350586
1096088410029.0910645
650762437225.9628906
338035150476.6183472
11479820854.8002930
22106522952.2764473
40504567.6099780
-1482007931851.5505371
-1334533794458.7910156
-908134020570.8911133
1846354600562.0468750
2131069355627.9895020
1644228577624.6447754
16963910465.7966137
65910897973.4483643
991326689.4092897
-2336967152722.0039062
-2514706862977.7734375
-2036340574930.9165039
2298668176929.5346680
2065766646032.6406250
1742421246541.6718750
-32241296138.6824837
58184502565.3946381
1435243386.4341965
-1883194913005.2976074
760726908556.2221680
256007938613.9999695
710166129585.1553955
598650218420.4267578
-668427515245.6470947
-875139721514.1074219
-708375209657.7475586
843468642884.9908447
734702528836.3995361
567185624736.4797363
-887789005089.1798096
-466268456410.6850586
-317369610800.4674683
583907619007.4114990
225137783599.2233276
117650982586.8451691
-538774719571.7754517
-119356719388.0492706
-34300324910.1554871
349051833554.8566284
59117224068.2764282
2330989768.9684758
-283584956723.7682495
-39981254330.9918137
6038731445.1720991
219797495069.8023987
28470710898.2356949
-4274885970.4004388
-166651309850.4840393
-27177544442.9203529
6503609266.0551701
166181725164.4089050
28470710846.5892944
-4274885204.3756938
-166651309864.3497314
-39981254426.0335464
6038730343.6261539
219797495564.5100403
59117225118.8878326
2330993161.0941548
-283584955863.3901367
-119356726224.4416809
-34300332577.7014160
349051836177.7008057
225137802086.2491455
117651005771.8728638
-538774712723.5562134
-466268498642.8230591
-317369646672.0748901
583907612320.2608643
734702583114.8530273
567185678793.3558350
-887789017210.8106689
-875139764355.0130615
-708375218561.4129639
843468659832.2927246
710166144222.4587402
598650173017.3402100
-668427505012.2756348
256007954537.6634216
760909213435.0683594
2066495238903.7905273
1743032464509.4418945
32252550134.8066597
58206480020.7683792
1438309545.7471328
-1883619518748.2082520
-2515597017497.5307617
-2037055296019.2453613
2299171053918.7578125
2131822133135.0637207
1644799354913.2089844
-16970708632.4947071
65935234181.0126877
989946494.5463419
-2337540830727.4472656
-1335006994255.8735352
-908454541714.4589844
1846932480956.3781738
650992624275.6658936
338157227467.3284302
-11484097302.6907177
22114603122.7952805
39542062.0065019
-1482596441422.6789551
-340515983235.8580322
-96633252224.4804993
1096544466677.9957275
171747918863.2904358
6079178945.9500589
-2234341056.8213229
6425833568.5797720
-27157932.0514831
-828930584368.9221191
-114482676991.7479248
17690850816.9018631
634785525751.3530273
83317910639.3135681
-12520546889.7187958
-406726434.1407964
3433973958.9883356
-9421986.2535306
-494146027930.1609497
-77946964846.6051331
18806054772.8377228
469069186776.8720093
83317910657.5579834
-12520546878.2853642
406726624.4850442
3433974143.1577392
-9431779.3257890
-494146027937.9039307
-114482677067.1172485
17690850663.9255486
634785525694.7978516
171747919000.7425537
6079179100.6511793
2234339087.9793797
6425830246.8016462
-27210394.6073563
-828930584403.3251953
-340515983687.7913208
-96633253198.0870667
1096544466199.3206787
650992625428.9038086
338157228389.2742310
11484103708.6222267
22114571707.5301170
39265340.1434081
-1482596441693.2866211
-1335006995605.6528320
-908454544152.4074707
1846932483517.2192383
2131822137404.5354004
1644799354043.5017090
16970834305.1815510
65935184295.6633453
989522957.1596217
-2337540834722.5585938
-2515597021188.7846680
-2037055291202.6499023
2299171057715.8935547
2066495243540.9626465
1743032459438.0151367
-32252353640.6781273
58206553366.7980423
1439100784.4055891
-1883619522754.2805176
760909213650.8293457
255978393288.2858887
710123835859.1384277
598612517725.8203125
-668379091895.4702148
-875092456330.8549805
-708335787090.9667969
843442742493.1588135
734662144438.5130615
567154261524.0064697
-887760382591.4532471
-466245516189.7250977
-317352405738.4159546
583795419974.0413818
225126531020.0949097
117643963514.4551697
-538682440776.9765015
-119351154289.9928436
-34298144028.3270302
348964323647.2730103
59113953646.4525528
2329930405.7628961
-283529430498.6494751
-39979081561.4428482
6038856604.9209242
219760192262.9176331
28468904598.8567848
-4275366956.4543200
-166623470223.0160522
-27175967325.5079956
6503659280.9867640
166158110057.7407532
28468904599.2767944
-4275366959.6600308
-166623470222.8731079
-39979081560.2929611
6038856612.0013647
219760192254.2686157
59113953638.0592499
2329930385.9365277
-283529430501.3476562
-119351154241.5901489
-34298143973.8473930
348964323628.9625854
225126530908.3187256
117643963387.1307373
-538682440845.9655762
-466245515957.6165161
-317352405565.5695801
583795419997.5937500
734662144166.4334717
567154261377.3571777
-887760382412.3872070
-875092456113.8620605
-708335787198.9213867
843442742281.9030762
710123835765.5201416
598612518045.2926025
-668379091894.0187988
255978393196.2326355
760908363761.2089844
2066493113929.4196777
1743030693113.4711914
32252313428.8509483
58206479424.5130997
1439092304.8775744
-1883617662389.9233398
-2515594013198.5068359
-2037052873364.3703613
2299168445261.1928711
2131819700918.8671875
1644797452275.6574707
-16970811658.6806831
65935097465.6088486
989527894.9358126
-2337537897702.7524414
-1335005215066.8666992
-908453267540.2825928
1846929610235.8637695
650991782269.0019531
338156669830.8643799
-11484087278.7630730
22114540846.5695419
39267318.9892654
-1482593747175.8076172
-340515499988.7315063
-96633019472.1896973
1096542148853.4210205
171747721518.2102661
6079108893.7232943
-2234335608.3830476
6425821616.1408329
-27210200.9779292
-828929040429.9603271
-114482537037.0742340
17690868270.0424652
634784275962.9409180
83317833825.7336426
-12520562332.8315945
-406725971.9013987
3433969865.7305031
-9431688.7267419
-494145231574.6434937
-77946876923.0745087
18806059805.5202408
469068329131.3187866
83317833808.8693695
-12520562344.6391373
406725919.6963979
3433969686.7116246
-9422028.5465119
-494145231567.9198608
-114482536968.8440094
17690868408.8510399
634784276014.0955811
171747721396.4994507
6079108755.8904924
2234337723.6944056
6425824948.6876707
-27158000.1876205
-828929040406.1422119
-340515499593.5979004
-96633018599.5736237
1096542149284.9110107
650991781211.5814209
338156668998.6704712
11484081005.5913734
22114571770.0973015
39539728.3842802
-1482593746958.2768555
-1335005213869.3398438
-908453265281.1842041
1846929607943.7448730
2131819696919.8452148
1644797452949.3840332
16970688816.4359570
65935146029.4044952
989940062.4977164
-2337537894071.2202148
-2515594009906.2954102
-2037052877742.8061523
2299168441838.0986328
2066493109750.3947754
1743030697866.1325684
-32252504109.7584190
58206407725.8337326
1438317873.1276422
-1883617658819.4116211
760908363605.8974609
256008639627.8279114
710168165491.3403320
598651642218.2313232
-668428333805.4045410
-875144154902.8040771
-708378639956.3011475
843471037416.2524414
734706173390.5861816
567188530626.6179199
-887789674768.2526855
-466272000938.4320679
-317372268369.2097778
583907880890.5120850
225139534489.1141052
117652248187.7610626
-538772745232.0559082
-119357819253.1890717
-34300999429.5117264
349050967627.9335327
59117548635.3938370
2331183081.4595022
-283583975240.9682617
-39981469523.1402130
6038656598.7792406
219797172277.6588135
28470753000.3024788
-4274847602.0722423
-166650935443.5631409
-27177637592.7570305
6503584686.5267439
166181560214.0178223
28470753046.4079132
-4274848318.1951370
-166650935428.4461670
-39981469435.9001007
6038657607.4091711
219797171885.5439148
59117547676.9259796
2331179989.5479617
-283583976044.9323730
-119357813010.6070862
-34300992557.6424751
349050965323.8030396
225139517436.1987915
117652227146.8883514
-538772751072.0064087
-466271961836.5885010
-317372235777.0322876
583907887050.1854248
734706122969.6166992
567188480373.5820312
-887789663863.2497559
-875144115523.2088623
-708378631462.0759277
843471022076.7694092
710168152903.2633057
598651684172.0590820
-668428343043.3175049
256008624768.9235229
760739513678.5074463
2065790680078.9509277
1742441295193.6674805
32241657627.7160492
58185127058.0614090
1435180947.6204350
-1883222929956.1933594
-2514739770399.9218750
-2036367132045.1691895
2298706937090.9946289
2131096687551.7084961
1644250066541.9450684
-16964081867.6707211
65911641062.8469696
991379353.7685249
-2337008878564.5688477
-1334553062543.4191895
-908147849228.7404785
1846393839093.9428711
650771698079.6551514
338041274406.0659790
-11479949398.2000332
22106782531.3024216
40567074.7442633
-1482042330221.5173340
-340400425766.6541138
-96599845401.5950012
1096117821405.4196777
171689625732.5894165
6076894375.1632185
-2233546661.5008888
6423533680.9981556
-26948389.3019191
-828613488849.1074219
-114443756839.1859283
17684542353.9208641
634553149925.1086426
83289581079.6023712
-12516178399.3548622
-406575487.1781448
3432731188.2769980
-9376197.9521335
-493972922199.6703491
-77920435928.7989197
18799477578.5900536
468904849443.3611450
83289581393.4423981
-12516178068.7107105
406585787.1528360
3432732163.6604600
-9459389.5864547
-493972922152.8572998
-114443757875.9423828
17684540280.7898216
634553148966.7102051
171689627652.5509949
6076896956.8649740
2233539230.1818361
6423503709.6106243
-27393434.7935508
-828613487824.3619385
-340400431726.2451782
-96599858541.5696411
1096117818390.9881592
650771712974.8210449
338041291142.1329346
11480003228.0671043
22106514146.8262367
38233037.4393904
-1482042341483.2521973
-1334553083958.8649902
-908147888851.9400635
1846393869968.6567383
2131096748563.9792480
1644250075545.3701172
16965161666.3714199
65911223259.5736542
987812992.2379313
-2337008915890.0468750
-2514739829278.8554688
-2036367088719.0397949
2298706975031.2719727
2065790748751.2402344
1742441236483.8991699
-32239977604.2588081
58185751184.8411026
1441852748.1786847
-1883222981666.3190918
760739515780.8673096
255760911795.0428772
710016462319.5445557
598504025180.1649170
-668156226600.6118164
-874988739301.5919189
-708237630439.1019287
843552428310.1311035
734566663031.4965820
567074315014.2615967
-887932176281.1138916
-466198604032.1463013
-317298637454.6607666
582895327312.0682373
225101212269.4218140
117619284472.3215485
-538148844850.0057983
-119339933003.5039978
-34283848968.2963715
348293486827.0587769
59105681878.2468719
2318680449.5756879
-283142516567.1128540
-39974033931.8422241
6043882840.1542168
219512721783.7795715
28463916403.9419060
-4282866938.5013704
-166434094591.3565979
-27172156848.9264030
6507385264.6677485
166013165538.6432800
28463916002.4531517
-4282856201.1391320
-166434096241.4120789
-39974035128.9707108
6043870828.6332884
219512717366.7990112
59105694344.6620483
2318724910.1181207
-283142512326.0070801
-119340012859.1772461
-34283935029.9115601
348293474924.0621338
225101434931.4620361
117619594242.0933228
-538148869567.6348877
-466199136114.0420532
-317299069651.2992554
582895289876.4716797
734567338665.5561523
567075085676.8300781
-887932228090.1962891
-874989294850.5310059
-708237857013.0526123
843552545377.8741455
710016656847.3475342
598503482485.5238037
-668156173544.0988770
255761062130.4696655
764524812069.4481201
2078525686453.1857910
1753148126600.0151367
32436703690.0598526
58569670486.3329468
1497627433.5058298
-1892361007303.8923340
-2530242503950.1791992
-2048860381011.7846680
2309558634702.8486328
2144234233909.6015625
1654275301150.6582031
-17084181329.5446491
66336888991.8074265
963089499.1217048
-2348630332920.0766602
-1342778839974.5124512
-913721429620.8193359
1856701534962.2192383
654779780893.4152832
340116723379.5004272
-11554978415.2991829
22248074547.2696686
19962030.1844359
-1491472085167.2089844
-342496484324.9398804
-97196720239.4373169
1103236414989.9287109
172746012631.3233643
6112493880.5700788
-2247847439.9090710
6465014452.3737001
-31078752.0252970
-834033713815.8310547
-115148023143.0625458
17799231185.4444923
638602651531.1008301
83801923543.7291260
-12595875637.6928520
-409204015.4931911
3455070363.4721155
-10189659.7204226
-497063539734.3527832
-78399897561.4491425
18919681708.8190002
471842169370.9770508
83801917910.1271667
-12595876673.9663315
409227674.7139076
3455051519.4570208
-8807686.5588535
-497063538064.8696899
-115148008620.2614441
17799250898.9485321
638602640831.8465576
172745993659.4896240
6112480867.8606415
2248159288.2062073
6465495609.9218607
-23577421.4074507
-834033701141.8857422
-342496469441.4426880
-97196616412.1637268
1103236324177.2875977
654779762874.5208740
340116689788.0357666
11554001349.0051327
22252461142.7776451
58875193.5503006
-1491471857115.3215332
-1342778996025.6916504
-913721291209.3259277
1856701131839.1770020
2144234064455.0698242
1654275608755.4436035
17065794337.6236858
66343886503.1662674
1021531057.6664577
-2348630047609.0087891
-2530242258918.2597656
-2048860963260.6787109
2309558215051.0454102
2078525073073.9924316
1753148591614.1853027
-32463862893.6208305
58559395285.7961502
1387426003.5973749
-1892360328752.6835938
764524717858.8642578
261613639416.2947998
719826839428.7047119
606910326210.2108154
-676148044743.4353027
-886559403546.4229736
-717721055798.9144287
850043775926.5753174
744580590238.2111816
574858796244.5290527
-889952230500.6201172
-472260404042.5042114
-321565461793.7932739
603544245759.7099609
228134279650.1905823
119330566592.9999390
-545455664008.5381470
-120876141097.3627014
-34823673941.5854950
361630777037.1586914
59920384675.9202728
2451275801.4292355
-289892520222.4786987
-40499459002.9433899
6068212609.9238262
224591342571.0459900
28867834875.6049919
-4272532859.3426795
-170578166325.9689941
-27532381420.7246246
6549740212.2364950
169155969583.1882019
28867832667.7793159
-4272660675.9847326
-170578184087.4200439
-40499438634.3255386
6068262645.0999231
224591277920.6095276
59920237158.3942337
2450720987.8647275
-289892551914.0502319
-120875280949.1363525
-34823193306.5820541
361630731822.3567505
228132076738.4400330
119327080479.1669159
-545455074772.0083618
-472254562103.6442871
-321562287500.9732666
603542073215.7600098
744573738539.2794189
574851302841.3392334
-889952760059.6578369
-886553298147.3909912
-717718250777.2622070
850043991894.9394531
719824847988.0163574
606915884568.7131348
-676144326483.2154541
261615887731.5501709
667932565648.7871094
1806692142716.5053711
1524388609149.9191895
28119730627.0454254
49936473810.9396820
-172016784.8860943
-1649770204167.3862305
-2198397989526.2717285
-1780544579458.9133301
2010163565013.3754883
1862723878920.2143555
1437415011309.5190430
-14343350202.1914997
56804143188.1107712
1832462878.5719278
-2046290062523.5930176
-1166068913670.8994141
-793969665336.7667236
1632822906575.7280273
568554013105.5590820
295992630195.1304932
-9860131292.9373283
19072887923.8692818
614646015.0097197
-1315088851766.7888184
-297376297522.4185791
-84813283210.4430084
977069683837.8676758
150082796794.5275574
5800339743.6405449
-1926349483.7572575
5533303806.9779682
85685177.1897916
-737582153863.2254639
-100062011875.5244141
15185983271.7823486
563958047625.3770752
72863765915.9624939
-10609073990.5001411
-352070300.1187816
2955293086.5304151
11415384.3248608
-438866247123.5692749
-68154816609.3347092
16218944161.1105862
416095920990.9554443
72863760648.5943909
-10609297485.9356174
347192546.0268409
2956031818.4139481
-29319124.5848537
-438866253954.1211548
-100061942385.8834076
15186207056.0747948
563957965554.0083008
150082162583.0428467
5799291042.2149582
1911822407.1764748
5519569115.1583271
-138842372.5449952
-737582182683.9420166
-297372154273.2997437
-84810385672.5629578
977069401419.6230469
568542519294.8415527
295981770795.6755981
9881096175.4473629
18943453018.0584679
-534661028.1896103
-1315087380618.1267090
-1166038444952.4836426
-793949787543.8669434
1632819274449.3085938
1862686173474.8886719
1437380505507.8481445
14868162664.2144928
56599205271.8651505
143429240.0772272
-2046289008782.6364746
-2198362824917.0703125
-1780527043325.0034180
2010161439013.6159668
1806677675962.6967773
1524395385727.7822266
-27360983861.8321571
50233982700.6939316
3047038837.2795663
-1649763898635.5703125
667933863678.1334229
85850670555.0334625
240007532907.4207458
202283838809.7792969
-228424708806.5250549
-297530453746.2457886
-240797615684.5623474
290320517267.7606201
248106843933.1834412
191560392162.4194946
-311036948428.1311035
-158706638483.5127563
-108145620966.4096375
193028378621.3541870
76091579728.0302429
39981673010.6558380
-190627828061.3265076
-40695055527.7588806
-11845613123.5076122
117762929443.0477448
19943136398.8602142
913413545.6488713
-98359664264.0044098
-13627814887.9256287
1990180871.4739769
76328087878.9503326
9577297261.3310966
-1373588569.2597146
-57076740756.2525406
-9263478175.5691147
2170616378.6909146
58052576967.0609055
9577304809.1069965
-1374835656.1647372
-57076760593.5490341
-13627918590.8881378
1990555326.7448685
76328027183.9925537
19943045867.3167496
908377710.9737540
-98359695476.5830841
-40694189743.6976852
-11842522568.2833843
117762937484.7407990
76089005751.8748016
39951530168.4520493
-190627368109.2288818
-158694510475.7768860
-108125934944.5704651
193026399724.4828796
248098663768.0394287
191500057536.4147034
-311037650421.9918213
-297518450620.0931396
-240793906447.5347595
290321066095.6911011
240004674581.9958801
202363527444.5672607
-228421317196.6318359
85853118717.6777649
4974217006.7912521
10495993126.1384315
8818125649.1966934
527720351.2551186
503832775.5843041
-397543830.5830061
-12702868001.6941643
-15064228943.5105534
-12193065404.7250595
18016673581.0619164
11339620368.9767990
8850342955.8749962
-36007570.0394541
722141758.8001984
68953435.8740876
-17865245360.6807022
-8453767908.6728678
-5831876210.8138485
9711233173.7538681
3672432826.4167147
2092385747.6006260
-114002099.3676961
262065624.0665857
97932395.7763993
-9176066382.7723827
-2260164887.6992717
-773490132.8632618
5574419720.2429733
904036423.9900748
106985545.7766535
-27454350.0557647
69298764.8712261
21981803.6597276
-4277297919.7812247
-718957775.5455008
67917355.3275314
4044437672.4926062
388656864.1612032
-45281883.3884887
-5371755.1791655
34245471.5524762
4299894.5335228
-2485169885.2984776
-476607611.2002522
95924472.4263136
3199522003.9139504
388662483.9476538
-45300022.9608139
3136082.3786997
34616646.3437905
-2869433.7652395
-2485187290.3801961
-718969744.5429435
67959357.7011219
4044369430.6366444
904011386.2968758
106878773.4149729
20126978.1983781
61942679.2190121
-17661060.5853912
-4277336248.9378514
-2259899433.6614790
-773146554.6211531
5574243605.0716763
3671777950.6918144
2091471287.0494618
124870089.4902726
193915304.5322936
-104087931.4737273
-9175955861.3160210
-8451660194.3904209
-5830304232.4514322
9709643586.8338718
11337942487.2872334
8848272771.4020882
306910557.9309992
615068985.2453531
-226627589.6098240
-17866318238.7081413
-15062738323.6151047
-12192895180.7630787
18017508490.2233238
10496373235.0555992
8820096535.8434525
-134071900.8456290
660703507.1551708
167216666.8420469
-12700559994.3069458
4976188614.3471117
-2526852119.2049251
-4785688782.9939737
-4029503556.1381383
3459486948.6426296
5999665579.2235022
4853349176.0203447
-3881203012.0623202
-4957793853.7802486
-3820975672.5081539
1305663804.1115396
3209167915.8408213
2186244356.7816849
-7614826675.0869865
-1524695387.2733753
-799354721.2284366
1625016856.2441759
824251879.0447929
238989930.1923776
-4267617204.9058309
-396721949.7051682
-16068458.1093168
1800987644.1727712
275231088.9070797
-42412702.9960194
-1546464280.6689818
-188805574.8881884
29097219.0214309
1223155960.8604279
187012661.8284169
-45724180.6765035
-954834768.0554305
-188804816.9979925
29097849.6521692
1223136295.1038504
275231468.1046342
-42425871.0558277
-1546530438.4320741
-396728057.6936470
-16066548.6995064
1800950008.0043776
824287265.0881362
238889913.3067175
-4267767927.6275182
-1524736351.5735450
-799221860.7483996
1625016509.9512763
3209284346.8864636
2185779063.3557858
-7616320072.4469013
-4957797224.2463427
-3820412415.4554086
1304640671.4763122
5999529166.2140026
4853320940.7504539
-3880299955.9563298
-4785354540.4338512
-4029885824.5572014
3461635761.9583483
-2524817893.5875506
289421488.5817769
157771763.3488210
151155311.4582721
-5118888.5286459
349080.6503837
9188111.5679022
-751899417.6155450
-128155700.5704458
-120945101.5854965
890410558.1461346
140930757.7825586
133755862.5761353
-2398376.5484082
-3135828.9883919
-897675.4588948
-863767651.2475057
-52225609.7205459
-45863064.5615716
766272280.9718297
36402038.2666850
32452481.2551683
373523.9655206
-1548155.4574684
-2009268.2873798
-516287248.5860057
-11203319.0676398
-9067480.6942244
431979132.7998552
12619729.8341468
11199166.0652590
189494.8981916
-247171.7135345
-438713.7879178
-335464854.7650889
-5861829.9818077
-5434759.6384080
237743782.8753403
8036573.7468782
7417284.2527419
35188.8559061
-40512.4706402
-63012.2022863
-223997647.8072837
-4608346.7258713
-4346494.0525790
175976059.9628168
8036480.0897551
7417752.6697458
5072.7547789
-48354.8694704
88535.4996070
-223996927.5428263
-5861470.1396353
-5434472.1071814
237742276.7257872
12619812.3137039
11201422.7399347
-38565.0209194
-89162.6499639
402959.9404411
-335464237.9103810
-11206120.6969143
-9068528.7505615
431962850.0517810
36409066.1088318
32469343.7502768
-588792.9793999
-102405.1849555
2268012.2859502
-516278109.3409631
-52258406.1217070
-45877643.4946754
766272217.7448931
140952576.0384322
133792104.9100979
-3204813.1045785
-884532.2369267
5321345.2616200
-863765019.3729899
-128181099.1082795
-120959562.2716996
890397761.1030623
157761923.8387239
151131365.6538790
-3040580.3508896
-2962864.9194137
-2731845.5163581
-751920823.6589240
289397900.5202625
229452124.6732546
308638535.4169153
264801930.4131438
-409449366.5709543
-394375175.4383399
-324194551.0997446
470859302.1298586
320234914.4515823
251408910.7218278
-383077284.8588430
-210995493.8754035
-150563080.0963171
595707154.9164356
98576881.1284154
55690740.1735185
-344768531.6202748
-54540658.4031002
-20006682.1471740
364347044.6015406
25716434.6346530
4595687.2686326
-214965099.5999629
-18460100.8267233
302252.8929752
177156128.0633801
12228302.2074936
645306.9665499
-120425219.0920287
-12622011.0271627
1069549.3478209
123341667.3737989
12228304.0133847
645304.0841432
-120425282.7181890
-18460107.9951837
302239.2746822
177155924.9767006
25716443.3595378
4595678.3931326
-214965256.1922004
-54540661.9051090
-20006726.4951122
364346417.6606614
98576784.6732462
55690665.9165254
-344769094.9769323
-210995026.3363130
-150563219.2924221
595704623.7748871
320234386.3016917
251409357.4269275
-383079689.8219284
-394374736.3254012
-324194257.9494095
470859414.3220895
308638912.3530661
264801441.1237391
-409446333.9101439
229453454.7272978
284256759.6920460
128459658.0899786
125866752.6928919
3052322.9813323
-3682517.3940102
-2756577.4247102
-744129374.9122012
-103935487.4567028
-101071284.2411025
877720266.5111575
113891480.4560006
113290567.9373741
3555543.8649873
-1440729.5129519
5530628.4060142
-860129443.1088872
-43217671.1874068
-40529386.6722520
749709130.8131720
30171582.5537962
30546791.7207340
645397.5654822
-220399.8334796
2303496.8284364
-508095403.9071258
-9737543.1212158
-9871533.7921167
422866211.5850095
10534776.4073116
11683524.5135666
33850.6970858
-144267.2690522
399982.0001362
-326675321.7580441
-4894796.4873065
-5904774.1616170
233386854.4332266
6651658.2654636
7678097.6487600
-7824.1136083
-90871.4202658
87035.1467251
-217319860.0140412
-3783923.8388888
-4645624.2136432
172768417.9360415
6651745.6053674
7677634.4055760
-41297.0856514
-82137.9756372
-66671.3400003
-217320506.8382869
-4895146.3042999
-5905028.0099333
233388330.3049330
10534706.4020426
11681359.1150229
-194298.6402543
-297724.4087559
-440990.6827712
-326675796.1313812
-9734756.7317620
-9870438.6579098
422881493.7695382
30164660.3495806
30529904.7481761
-428602.9209496
-1688478.2095771
-2043078.9343612
-508104889.5428967
-43183969.6160479
-40513407.3510534
749709722.7221968
113869243.2901842
113250434.7875497
2375681.0925535
-3780540.6692608
-933524.9866119
-860130058.7237977
-103908363.5325226
-101056620.3088069
877731630.7617511
128468381.0221683
125893143.7498620
5638326.6522396
-277570.3064354
9491131.0434136
-744113545.1819949
284281740.1464467
-2469602756.0207734
-5050589988.1008778
-4258814166.4483309
3649716265.5782814
6179757139.5604486
5001571147.5889368
-3779916166.5119286
-5201400115.5969372
-4005278549.1026626
1493016199.0938878
3270830700.0477777
2220707489.6539912
-7667126247.4294500
-1581303155.8405116
-815785221.7265661
1765011388.1155243
832897860.0103158
231409356.2039502
-4319690132.1572104
-417297409.2909045
-11639943.1753741
1895703772.3706653
281722276.0999681
-46014909.5607800
-1574195500.5232303
-202919097.9177244
31850301.5576199
1283713673.4177663
192515879.5917024
-48013133.4645822
-977186455.7431102
-202919896.5144154
31848382.0425765
1283733583.9147134
281721988.3035701
-46002477.3947198
-1574128482.1737671
-417291547.5854036
-11645749.8045068
1895742165.5189271
832861994.9694941
231505322.2431412
-4319538244.1207743
-1581260592.0156727
-815936386.8769149
1765012497.1312475
3270707200.8289289
2221160568.5034437
-7665618094.7753677
-5201389141.8685646
-4005887120.9006653
1494053333.6486905
6179888276.1067667
5001600066.3754396
-3780820956.6212673
-5050928270.3596611
-4258378536.6204500
3647547976.0585203
-2471650676.9213390
5125771299.7991428
11702527003.2433949
9856383823.4940014
134090478.1120076
682947701.7268524
168745429.1802334
-13248056246.7346458
-15955666458.4646111
-12928377156.0057907
18712669413.2937088
12473252691.2151985
9714388667.4063301
-317677114.8703489
632824361.8720452
-232295192.5637819
-18871945573.6312141
-8771476069.1402798
-6015657408.8744879
10055845332.8238926
3939261161.3424683
2177542291.3653836
-126694462.0930883
197724958.4926585
-105171924.3680813
-9831342832.1478539
-2306074416.7097001
-738639036.6685992
5801987525.3908377
994758467.9399526
87305879.2390890
-19965728.6901908
63645333.8947850
-17580833.7574104
-4665295466.4285049
-751535726.4608160
85482575.7718110
4212393282.6932664
449181022.7025069
-57050323.1561362
-3040252.0108812
35922165.5028417
-2831372.0449896
-2736193078.1942997
-504583718.2363837
106749324.6754496
3324515826.3814945
449175426.2907387
-57025806.8124037
5562884.6416033
35523287.8582684
4396069.6829209
-2736175501.3724694
-751523256.2099850
85442334.3930297
4212462371.2474227
994782613.1006806
87427918.0561278
27586019.6317417
70864831.4527643
22032087.7397182
-4665256630.9025564
-2306336728.4518461
-738969660.3993980
5802164689.0850000
3939921118.8340569
2178554643.0521193
115567342.9157591
266520694.4569823
98865785.5730898
-9831454280.6721897
-8773645076.4910927
-6017254716.3506508
10057448616.4786377
12474985374.7659435
9716803807.0666904
36607531.7911691
742439851.9572090
70325021.4245677
-18870862250.6451797
-15957236039.4210415
-12928581252.3068123
18711834536.3296051
11702150379.9335594
9854067253.4421959
-543065166.1406054
523408301.0461064
-405417735.1079144
-13250382387.5383167
5123786208.5482330
86333843867.4196930
247568851498.1988525
208858838432.5424500
-232102768415.9242859
-302607987897.5335083
-244981585172.5948486
293190815089.6768188
255262600103.8698120
196941828362.0303040
-316582915349.8763428
-160426698779.7894897
-109107764545.9185181
195048097188.9171143
77825898723.7988129
40508043186.8218231
-194514256603.9745789
-40924255133.0596848
-11626276292.7604885
119057287117.3818817
20547744991.4722595
782171639.7803261
-100889373943.8736115
-13798878324.3747158
2094269933.4431238
77172130428.2948761
9981105360.7772045
-1460344183.4733841
-58778976785.0172729
-9409092256.3178158
2235583189.0684752
58674868051.8681107
9981097682.7098732
-1459093288.3291159
-58778956919.5224609
-13798773315.8612518
2093895537.7654021
77172191145.3296356
20547835010.5871391
787213637.2859662
-100889342864.9388123
-40925112649.5402222
-11629362451.1369305
119057283384.7562866
77828483101.4344482
40538259493.6612320
-194514714783.9699402
-160438828626.3097839
-109127489486.8565369
195050085336.3821716
255270843476.2272949
197002472784.4911499
-316582209514.7346191
-302620003446.3310547
-244985304682.0260925
293190262834.8043213
247571715604.1726685
208778822093.7648926
-232106164040.7093506
86331397371.7257233
669793677874.9147949
1817428177384.8432617
1533553987258.2731934
27494092435.7598915
50502784962.2165604
3043129312.3454370
-1654941334960.0939941
-2209504376793.9018555
-1789576511518.5957031
2016651381585.4482422
1872189067475.8276367
1444514434464.4394531
-14947233252.9516239
56855558126.7267990
152905815.5130953
-2053772954620.3730469
-1170767377176.3769531
-796808589322.6062012
1637962632374.4914551
570809509808.7872314
296644619580.1154175
-9914959105.8228569
19008991007.5624695
-533684690.6882554
-1319900564058.2973633
-298393099977.4758301
-84669432542.4338379
980308793377.2423096
150822264607.4827271
5569556410.1801262
-1915439462.3110120
5542949180.2722006
-139287789.1163325
-740546862051.1376953
-100558045871.2553101
15408543893.8560944
566022835301.6896973
73338608734.0307465
-10768515912.9360714
-348423187.5033494
2972629290.6345119
-29368246.6159232
-440776294774.6630249
-68544903750.5085907
16391390204.7246933
417671365770.2864990
73338611476.9924469
-10768299933.0615482
353077121.6876524
2971912337.3840294
11291536.2497984
-440776287971.4960327
-100558111995.8795776
15408320465.4370193
566022916711.7292480
150822897683.9471436
5570592199.4700146
1929762142.8081484
5556827544.6235962
85765848.2063955
-740546833925.2216797
-298397240414.9300537
-84672335667.2269745
980309080695.2840576
570820964549.3607178
296655349010.5667725
9894259433.8864098
19138087652.6372528
612537041.1468500
-1319902033884.5488281
-1170797569991.4958496
-796828215411.0765381
1637966262994.3999023
1872226384061.5622559
1444548142778.1623535
14430754873.4683685
57058626661.7474442
1826718575.4929142
-2053773995120.9453125
-2209539020796.8798828
-1789593620506.9338379
2016653489719.5773926
1817442381399.0673828
1533547372850.5773926
-28240381223.3673325
50207079150.0337372
-157468650.9218779
-1654947623753.3769531
669792387369.1354980
262070015355.8386841
721716624334.2489014
608508715941.4228516
-677212588245.8648682
-888554754312.3267822
-719334754331.5454102
851671127264.8679199
746392181199.2625732
576222748268.4050293
-891602473100.1290283
-473176247627.0781860
-322141422529.7691040
604464450934.8259277
228626784457.5380554
119516944934.5929108
-546371564992.5837402
-121086594519.8959808
-34828455278.9936371
362162753919.2756958
60065980178.0550079
2418550337.1184011
-290401500478.7619019
-40585286121.7640686
6103322563.1960688
224952668495.3959351
28951205031.0382538
-4302350081.5844374
-170898985365.1251831
-27595983372.1115723
6578460029.4237890
169428162388.8740845
28951206513.0551453
-4302223818.6701565
-170898967732.9873962
-40585306589.1093903
6103273025.0610247
224952732400.5923767
60066128304.1483231
2419108141.2976689
-290401469655.3394165
-121087461202.7877197
-34828937541.2959213
362162804072.0931396
228628959673.7247009
119520392609.9287262
-546372149689.9339600
-473181983641.4284668
-322144464242.8817749
604466619177.0836182
746398807373.5002441
576229869696.0961914
-891601934728.4097900
-888560652437.8514404
-719337387393.2078857
851670899828.4285889
721718514323.7392578
608503245564.3898926
-677216281717.8674316
262067775480.7066345
765331596264.3889160
2080875134069.9023438
1755116319702.8767090
32503268732.1699486
58628622743.4886780
1386582165.8282821
-1894340658493.7460938
-2533175171847.6523438
-2051225722546.8481445
2312045980824.2167969
2146709399166.2316895
1656180447469.7797852
-17085549287.9315510
66423754369.3324814
1023443826.1469450
-2351142105911.1074219
-1344372573545.8703613
-914807078537.6243896
1858627270878.1049805
655553461579.5576172
340522262720.3488159
-11568061532.1387501
22279583351.5390587
59342663.9217003
-1492978197114.2485352
-342907614086.8986816
-97318302950.9700623
1104348302275.7092285
172944621524.0495605
6118389354.1418304
-2250968492.6809530
6473233879.2563105
-23566145.3443769
-834852143425.3148193
-115281217041.2972412
17821016589.3516235
639246365917.2996826
83894416730.9352417
-12613331858.1919231
-409746551.6435373
3459099646.4349365
-8791265.6382161
-497543632028.8383789
-78488997995.8916321
18943238584.1082687
472315457956.0057373
83894422292.8193054
-12613331433.2373676
409675649.0106626
3459122402.4364681
-10196874.8084262
-497543633830.5153809
-115281231799.9013672
17820996673.3204536
639246376396.3934326
172944640968.8461914
6118401275.4438572
2250600117.9051118
6472763859.4692345
-31113115.9116637
-834852156941.2630615
-342907629791.9926758
-97318407534.4642334
1104348396570.2170410
655553471742.3188477
340522282973.0650635
11568991553.9015884
22275110578.5830498
19621358.8878386
-1492978423618.6352539
-1344372387790.2170410
-914807194799.6091309
1858627668773.0388184
2146709510046.1784668
1656180076971.6179199
17104649484.6629391
66416462722.8432007
962591266.3112690
-2351142390622.0561523
-2533175373541.1123047
-2051225116627.0437012
2312046396967.9111328
2080875729699.5468750
1755115881116.8041992
-32474877765.6767921
58639211349.8868256
1500197492.7248080
-1894341321568.1025391
765331695103.9248047
256030048842.5419312
710798142129.3322754
599159214788.1693115
-668848777038.8603516
-875978069578.0502930
-709035797913.6502686
844432787679.8302002
735394105070.6347656
567713018574.4736328
-888845701921.6009521
-466740668133.2704468
-317670421561.2741699
583505144201.3740234
225362701359.7370911
117760505640.0215759
-538704022675.2751465
-119480954992.3061676
-34328626557.3130722
348655588167.4353027
59172538156.1816483
2323296416.0900259
-283431724900.2009277
-40019335263.3902206
6049639476.9291525
219739384006.1015625
28494649230.1096573
-4287185923.3011551
-166603057181.1451416
-27202287315.8697090
6514185489.0757332
166184238535.4801025
28494649706.8336563
-4287196438.5666542
-166603055522.1513977
-40019334137.3744202
6049651610.7093534
219739388407.9600220
59172525672.4461746
2323252085.6066599
-283431729338.7253418
-119480874709.9496613
-34328539572.4165955
348655601816.6159668
225362480521.3730164
117760199862.4831696
-538703996451.8833008
-466740144434.8134155
-317669998537.7378540
583505181438.3237305
735393447530.8071289
567712280943.5936279
-888845650503.1679688
-875977532702.9796143
-709035592521.6163330
844432670509.3697510
710797956632.0012207
599159757867.7329102
-668848827584.0292969
256029903240.5482483
761573040652.2868652
2068379640280.0612793
1744618158275.9047852
32280111311.5439377
58258297109.2417068
1443636497.7346094
-1885284809075.3066406
-2517890506710.5874023
-2038911430473.6791992
2301220189382.4863281
2133766663414.9277344
1646298958424.1184082
-16986329827.7182522
65993397936.9919357
988789783.5654285
-2339563098918.9711914
-1336224281071.2885742
-909278326543.5194092
1848418756854.6096191
651586294042.0625000
338456322250.4331665
-11494321328.3594589
22134075294.6578903
38223215.4219662
-1483670130782.5209961
-340826260535.7949219
-96715769123.3080902
1097322394422.3934326
171904341192.0013733
6078992599.9352055
-2236323531.5143042
6431499861.0339355
-27432644.2603672
-829524319492.3271484
-114586818346.4455566
17709938495.0105782
635250163886.5745850
83393725519.0994110
-12535453950.1288261
-407090327.7185209
3436998903.7689757
-9475762.1393241
-494515993194.7559814
-78017827651.2967987
18825495551.8722267
469420037571.4265137
83393725219.6895752
-12535454233.9225063
407083563.8970889
3436997558.0106936
-9389951.4026045
-494515993246.3259888
-114586817309.3005371
17709940577.3405342
635250164893.4794922
171904339261.6453857
6078990081.2916870
2236335862.1296020
6431528914.6157970
-26981488.8790461
-829524320547.2977295
-340826254530.3286743
-96715755943.3521576
1097322397439.4542236
651586279908.4342041
338456306500.9411011
11494275408.2577553
22134353161.3920937
40644829.3831614
-1483670119797.5356445
-1336224262002.6333008
-909278288939.8526611
1848418726506.3005371
2133766607542.0078125
1646298954819.6621094
16985192385.3110466
65993844734.4949799
992591998.8463104
-2339563062696.7026367
-2517890451450.1313477
-2038911475490.3842773
2301220152351.2714844
2068379573289.0380859
1744618214144.5002441
-32281905254.7555084
58257641034.5582352
1436618578.7051530
-1885284757815.1511230
761573038191.4383545
256289164472.0345459
711065654562.1921387
599405880711.9119873
-669163921634.3575439
-876246183386.7778320
-709268227138.2172852
844396670440.5853271
735633290404.8518066
567900222489.4241943
-888766493411.1590576
-466857880846.8435059
-317768367235.2148438
584549070225.6502686
225422907795.0940552
117797013977.5895386
-539365559011.7168579
-119507422828.2242889
-34341875260.6910362
349434186763.8615112
59192002022.8555374
2331938814.6102276
-283896449396.7730103
-40031639553.8353653
6047544056.9335184
220038424360.7989502
28506702009.8043480
-4281615597.0852361
-166834715986.9833984
-27211769208.7569771
6512727681.6440449
166363964372.0726318
28506701958.3319931
-4281614893.2247834
-166834715995.5365295
-40031639637.5286484
6047543034.5071058
220038424790.3486633
59192002989.8552170
2331941915.8125620
-283896448553.9213867
-119507429135.6271057
-34341882214.6132469
349434189024.3592529
225422924793.1192322
117797034825.2835999
-539365553197.7526855
-466857919565.2229004
-317768399226.1256104
584549064227.4487305
735633339867.7070312
567900270393.8555908
-888766504413.1428223
-876246221919.3676758
-709268233926.3348389
844396686001.0389404
711065666950.3751221
599405838444.6892090
-669163912852.2296143
256289178952.8243103
761741120986.8870850
2069070973918.8388672
1745197892307.0795898
32292708515.1585083
58278930708.1626434
1439876056.7904878
-1885676418551.6936035
-2518735746494.4155273
-2039589902896.2448730
2301683436322.7675781
2134480922272.7922363
1646840142698.6096191
-16991829613.9607353
66017360739.0608444
990999710.1534134
-2340092806276.6201172
-1336673605834.8486328
-909582265535.9161377
1848949576490.7568359
651804696065.2275391
338571463552.4069824
-11498415709.2887058
22142154673.4319992
39573146.8001345
-1484213340451.7116699
-340940873521.2423706
-96749345719.1271667
1097741115767.3126221
171961696235.5844116
6081392195.7807693
-2237127920.1042814
6433821365.0666542
-27193012.1818432
-829833882731.2777100
-114625189648.8815765
17716071944.3838158
635478143765.2730713
83421411327.2126312
-12539773609.6004562
-407232607.8380412
3438234192.1415029
-9435768.3963580
-494684262444.6708374
-78043911478.7830963
18831948305.6099205
469580971648.5057373
83421411342.8498688
-12539773608.6373615
407232490.9863829
3438234379.4868069
-9445146.9463620
-494684262447.9381104
-114625189712.8767853
17716071828.6844025
635478143708.9986572
171961696344.2465210
6081392294.5711975
2237125671.2964816
6433818215.8977022
-27243325.9920701
-829833882726.6610107
-340940873845.0441895
-96749346511.4972382
1097741115312.9085693
651804696860.2636719
338571464230.0913086
11498421320.8976593
22142124684.6089859
39308703.1645371
-1484213340582.9680176
-1336673606348.9060059
-909582267484.3846436
1848949578609.5493164
2134480924838.9072266
1646840141648.4987793
16991949111.6310463
66017313125.8782349
990596392.9837353
-2340092809575.3432617
-2518735748154.5449219
-2039589898435.8854980
2301683439496.9150391
2069070976658.3703613
1745197887756.9892578
-32292522111.0563087
58279000490.9653931
1440630943.9052482
-1885676421941.9262695
761741121144.9661865
256259398717.1834717
711015422507.4025879
599361679995.1719971
-669114751058.1088867
-876188748313.7436523
-709220639725.7757568
844367982913.1114502
735584381499.8909912
567862350876.3155518
-888736602497.7781982
-466829330460.3665161
-317747435601.6913452
584439164121.8662109
225408965858.3214722
117788765259.6368103
-539277876543.9105225
-119500424816.3088684
-34339352524.7010078
349350038855.9928589
59188080234.4292603
2331000669.5612292
-283843376704.4351807
-40029033264.6560974
6047527014.8496237
220002513564.5813599
28504610499.2852173
-4281939206.3846579
-166807899405.4995422
-27209910084.2079010
6512641982.0938940
166341167484.1148376
28504610500.2894783
-4281939241.4586339
-166807899413.5079041
-40029033256.3562927
6047527087.7976408
220002513489.4398804
59188080180.8641357
2331000512.8332958
-283843376672.3845825
-119500424475.7049713
-34339352171.4408646
349350038505.7683105
225408964888.1275635
117788764436.3383789
-539277876712.3522339
-466829327926.2401733
-317747434301.0005493
584439164016.1595459
735584377375.3822021
567862349190.2593994
-888736601952.5346680
-876188743647.6096191
-709220639378.4777832
844367982196.8696289
711015418969.9150391
599361681114.0389404
-669114751281.5874023
256259398149.6638184
761737106419.9121094
2069054173766.7214355
1745183527475.7348633
32292257271.2283325
58278490166.6029282
1440561591.0954232
-1885667320337.2028809
-2518714987740.6616211
-2039572864661.1062012
2301672331980.1635742
2134463565870.2944336
1646826581414.9104004
-16991791683.9110088
66016746661.4184341
990624089.8062502
-2340079644122.9516602
-1336662601816.7375488
-909574454360.0548096
1848935343887.7351074
651799463364.3270264
338568358641.5881958
-11498320552.7214012
22141937585.5778427
39329237.0901042
-1484198267980.1997070
-340938150889.9808350
-96748349707.4798431
1097729179000.0832520
171960405243.8302307
6081235733.9971685
-2237106347.7075706
6433764816.7840147
-27238642.7257122
-829825455858.1225586
-114624328913.0966644
17715982262.7677765
635471952861.9925537
83420812824.1802216
-12539717027.9864388
-407228809.9486070
3438206067.9099822
-9443892.6857215
-494679866134.5969238
-78043335342.2739716
18831834598.0050697
469576702642.5884399
83420812818.2126770
-12539716887.0053902
407229478.8705745
3438205913.8212099
-9436488.7224553
-494679866165.3004761
-114624328910.6928558
17715982011.5463295
635471952999.2290039
171960405344.5867310
6081236225.3038673
2237108974.5842614
6433767583.9318428
-27196817.1973945
-829825456237.1343994
-340938151726.4628296
-96748350207.2812042
1097729179915.3100586
651799466032.3773193
338568359896.2777710
11498316454.4545765
22141963384.5509377
39552094.9211333
-1484198269267.7829590
-1336662610982.5017090
-909574456046.5416260
1848935343994.3554688
2134463582153.6135254
1646826586002.7529297
16991690091.7053413
66016787258.7046204
990960317.7493473
-2340079643718.1518555
-2518715010598.8203125
-2039572871381.3735352
2301672331339.7924805
2069054193205.0576172
1745183533223.5104980
-32292412096.3801384
58278431778.8482285
1439932175.0674710
-1885667319559.2790527
761737106687.7813721
256292903860.1506958
711090176275.7503662
599428118861.5804443
-669174060743.9892578
-876278029798.0908203
-709296896421.1343994
844415373228.3250732
735659466866.2631836
567923650746.0994873
-888779289555.5832520
-466875004159.8707275
-317782399394.2119141
584546025232.3372803
225430473191.1132507
117802236594.7299957
-539352143387.7437134
-119511107495.8729553
-34343728142.0078239
349423000803.4675293
59193250448.8392792
2331939569.2757664
-283887320357.6571655
-40032374823.9731979
6047731335.5211391
220032864787.1012878
28507068921.0968590
-4281921699.1717105
-166830375096.1163635
-27212171736.9335365
6512971322.2860708
166360445041.2372742
28507068953.1768188
-4281922492.5582776
-166830375028.0115356
-40032374686.5840607
6047732783.9452095
220032864240.0858459
59193249464.9364395
2331936484.0970936
-283887320937.5091553
-119511101319.8302002
-34343722417.6734123
349422999160.0179443
225430456009.3923035
117802223164.6524811
-539352144365.7268677
-466874960643.8067627
-317782379033.0537109
584546023094.5032959
735659400067.2833252
567923620791.9034424
-888779277684.4223633
-876277957955.7753906
-709296885931.1113281
844415356892.4442139
711090127723.6833496
599428134669.6333008
-669174057729.3166504
256292893992.4246826
761639133320.9152832
2068586348981.9350586
1744793340036.3811035
32284767166.3580627
58262609775.9088364
1436544116.1530585
-1885436606578.8266602
-2518144359579.1313477
-2039117309356.3459473
2301405304046.3232422
2133980676613.1169434
1646463991813.3112793
-16986560468.7930260
65999551203.6185837
993060504.6043853
-2339770336486.9921875
-1336359502360.4914551
-909372138550.7170410
1848635128516.6791992
651651645794.6520996
338493816465.2689819
-11495252556.5623035
22136294730.0750351
40837236.1234776
-1483879857397.8059082
-340860490206.6929321
-96727614551.6032715
1097491970713.0594482
171921141328.6767578
6081125081.7429857
-2236535184.9925261
6432104839.6135750
-26961328.0232844
-829645827821.6569824
-114598048829.4257355
17710981347.5197792
635340407265.7957764
83401703467.9391632
-12535938941.0024109
-407123915.0761893
3437307932.8090434
-9392309.7258374
-494582050876.0517578
-78025413708.2293549
18826835665.3522873
469483158238.0763550
83401703605.0784760
-12535940266.1313496
407122607.4274504
3437309182.2992043
-9479501.7164768
-494582050685.5433960
-114598049094.3818665
17710983377.2508812
635340405148.4454346
171921140731.0091553
6081120586.1394062
2236510396.0907798
6432068496.8036633
-27468485.2111518
-829645823472.0031738
-340860482678.0760498
-96727611652.8931580
1097491960496.6204834
651651620258.1629639
338493804784.6082764
11495307909.7088413
22135967451.9241219
38063757.2693853
-1483879849609.8039551
-1336359408114.5776367
-909372126391.6235352
1848635127131.7783203
2133980515317.6923828
1646463943291.8718262
16987876405.8397160
65999041817.3965988
988827294.1959813
-2339770338109.3115234
-2518144130373.4145508
-2039117236189.6103516
2301405308687.6782227
2068586158172.5285645
1744793278048.3034668
-32282796220.5775261
58263357242.6694717
1444392041.3953953
-1885436621738.1276855
761639130461.2301025
255843550356.1398926
710272759787.9097900
598693959194.8220215
-668382841530.5174561
-875307427603.4659424
-708456041431.1652832
843786419601.1115723
734840507759.5151367
567242667396.3634033
-888260569537.1265869
-466380352258.9073486
-317393447804.0213623
583177236784.6596680
225197783373.5075378
117653188270.5832062
-538543337529.5327148
-119396924762.3769989
-34292516791.0710182
348556556048.9966431
59138224258.6833954
2319551033.6706772
-283375923146.5048218
-39997256257.8473511
6047063052.0598173
219680133395.7602844
28481061340.9555817
-4283916120.4459105
-166561503035.1898193
-27188485085.5631180
6510472932.7445745
166135935525.7530823
28481061018.0339165
-4283901133.5123744
-166561505595.1093445
-39997258796.8773193
6047036867.3396788
219680138295.5848389
59138241164.6113358
2319607887.8514590
-283375928314.0841675
-119397031705.4531250
-34292612246.5442810
348556570693.3930054
225198092198.2533264
117653427279.4831390
-538543417284.9736938
-466381183906.9559326
-317393782753.7589111
583177340616.1503906
734841851394.4617920
567243227310.4658203
-888260708285.0566406
-875308988264.2895508
-708456340704.7083740
843786624897.5439453
710273925997.0034180
598693805465.0013428
-668382966245.8752441
255843667924.8945007
764094013766.3575439
2077649189246.6611328
1752378588781.7053223
32428445867.4675407
58558397196.2389832
1501391818.4091988
-1891408891058.8032227
-2529197379922.3315430
-2047987752581.4038086
2308513169927.6997070
2143344409125.3452148
1653565807625.1303711
-17082165833.6335506
66322941814.9819489
956233460.2896566
-2347390732688.3588867
-1342235719176.0561523
-913318689514.4007568
1855150064060.2670898
654518246497.8690186
339940078891.6841431
-11552785195.0342159
22243239301.4404030
17096761.5368039
-1489897373920.9755859
-342364548759.4111938
-97134097537.4347839
1101931321202.8044434
172680086184.8434753
6087419666.1085615
-2247344882.2129555
6463581448.9016914
-31425544.1396078
-833064745725.6503906
-115105106460.8201141
17803449549.0546227
637899476721.0664062
83770114046.4502411
-12604766747.0315742
-409076907.1374505
3454287755.5234909
-10212563.9866012
-496532490917.6251221
-78370738374.6983795
18920776399.7527466
471348546645.4777222
83770111206.5229950
-12604750194.1546059
409183275.3162328
3454265687.5521517
-8745879.4639524
-496532492442.7579956
-115105101344.1544342
17803426415.9709244
637899487811.9311523
172680094508.1005554
6087480743.3241854
2247804092.0382423
6464138044.5461416
-23097543.7975559
-833064777868.7052002
-342364668125.8792114
-97134156782.0072937
1101931356028.2404785
654518628025.3240967
339940334703.3328247
11551772310.6791363
22248347880.9685287
61484486.8051771
-1489897402583.9648438
-1342237039398.3378906
-913319052860.6782227
1855150091345.8613281
2143346477230.3786621
1653566705985.7529297
17060993639.3479538
66331042387.6762238
1023123833.1402439
-2347390869871.9223633
-2529200115546.9213867
-2047988654074.6179199
2308513204987.9736328
2077651280770.2480469
1752379082253.2590332
-32459344814.7304153
58546589033.7760162
1376172848.6119199
-1891408736731.1755371
764094026603.0845947
263606427283.8849792
725699936027.3962402
612065679134.7563477
-682359301747.9135742
-893789373535.7797852
-723877322334.2849121
858274833625.9674072
750574709806.6805420
579819238054.2933350
-898962872556.1661377
-476017619557.9645386
-324349796052.0328369
606367851376.9080811
229867982885.2058411
120346554913.2359314
-549081048311.7813721
-121756455137.6881256
-35121643034.3972244
362430839314.4127808
60320580693.5160446
2456829676.2352333
-291015069239.6298218
-40763328837.5122070
6118844913.8515539
225457643541.8542480
29049701904.8032188
-4318505549.8245802
-171190131543.7985840
-27707877252.7398186
6603684258.4083767
169913078460.3432007
29049702139.6479416
-4318659052.0891781
-171190111553.0261536
-40763302494.6254807
6119034035.5599003
225457549840.4462280
60320409707.4301071
2456226559.3781934
-291014941731.1390381
-121755404069.3603058
-35121037408.5841675
362430630180.8626709
229865086154.6032104
120344060067.0134583
-549079993282.4149780
-476009406432.2312622
-324347454892.7980347
606365150391.7136230
750562002915.5206299
579814117639.1533203
-898962098726.2943115
-893774404888.9652100
-723874025671.9127197
858273873808.9398193
725689120630.3604736
612067054425.5031738
-682354996446.1704102
263608123600.5762329
704075677223.3183594
1887659887116.0034180
1593856100040.2070312
29363408888.9097557
52298252771.6492615
109080673.3873797
-1739283375645.3481445
-2296981676480.3701172
-1861973617898.9804688
2118732360518.5344238
1946235188361.4560547
1503736500085.7734375
-15067325478.1527805
59440864075.5111923
1740190539.8340487
-2154810942807.6518555
-1218188939456.3046875
-830749859855.4984131
1715217167930.1433105
593734274291.1197510
309877278419.8454590
-10327038774.3131695
19943051794.4750557
530852681.4380675
-1377378762502.2485352
-310360276715.4998169
-88901486443.0402069
1021178777825.0974121
156484741629.9925537
6186131852.6332331
-2014426679.1603904
5779328337.2624865
67899203.3720126
-770037730249.4526367
-104279086739.6513519
15772346028.0859375
588638021363.0238037
75911778389.5922394
-11019035923.0719395
-367510835.0670488
3085054101.5039654
8030851.6798047
-458030271241.0994263
-71002774386.1428070
16874893498.1874733
434300817812.4664307
75911784266.6073303
-11019582620.3239079
362983928.4022001
3085704184.7326665
-26481635.4571856
-458030085749.8883667
-104278999790.9589996
15773337593.2584248
588637475409.6657715
156483989860.3905640
6183939387.7594099
2001565507.0791965
5767683009.2922897
-122669686.8757087
-770036700579.7137451
-310355171320.5054932
-88897022046.9896088
1021176393927.4632568
593719300633.4245605
309865247403.0199585
10344137459.0971241
19832588372.1155396
-448166608.5325864
-1377373294933.2744141
-1218146064782.5620117
-830728952879.6984863
1715207051090.1667480
1946168882809.5209961
1503702064910.1501465
15514605797.1914234
59264875309.1662674
297674823.0820422
-2154800389073.9941406
-2296903172041.7993164
-1861953298999.8864746
2118720834042.0971680
1887602673378.2683105
1593857377185.9145508
-28714092183.3170891
52550842141.4430466
2853523997.8649073
-1739269784761.3857422
704073690495.0428467
115306561153.3989410
304622631800.8091431
256951162838.0134583
-301496869630.6495972
-377795242902.5483398
-305985000500.9737549
381864238161.6269531
315363236634.9869995
243890547744.7890625
-403000466209.9693604
-201730778736.0908203
-137657848385.0450439
261215954289.6190796
96858812317.3750458
51118597462.9446106
-245184736939.1182861
-51778063464.8134842
-15200332495.9229546
156775131770.1607056
25390804125.6952744
1292292167.5257213
-127634521495.5102234
-17326948898.3610611
2450046655.5255914
99320839102.4428253
12183602357.7398281
-1669066030.3036239
-74486002928.6012726
-11771128782.9923706
2699286491.0123568
75192940339.2504272
12183614664.1452141
-1670244099.1768584
-74485981829.3831024
-17327072551.6708984
2450406593.0563693
99320574734.1189270
25390772962.4764900
1287460358.3475320
-127634242120.1222534
-51777469111.3552094
-15196830180.8266754
156774247690.7208557
96856994930.6575012
51088404355.6120148
-245182804832.2626343
-201721057474.5652466
-137635980250.0473328
261211213436.3700256
315359864217.7746582
243829193007.7706604
-402998148591.2969971
-377790002772.9333496
-305981950051.6630859
381861393441.3610229
304625847631.1011963
257031582941.4750366
-301490601570.7630615
115307793551.7299042
55510680645.6998749
111770115539.1520538
94112494342.9880066
2257443431.1391253
3512468600.5168920
-731281488.9649136
-139627264751.7625732
-137231314651.4049683
-110655306643.4115143
172227643497.4492798
115954188850.5632477
89512964121.7357941
-877295681.9262961
4175553451.3882260
361980374.1604739
-175268601361.5582886
-73544325835.6097260
-49797697003.0918350
131438548555.5796967
36050162211.7791443
19051143867.4661789
-709933078.3988841
1440791996.7677395
255402794.2177361
-106509943994.2024231
-19201668971.0436554
-5660941715.2245989
76404901314.6056671
9725274572.7226334
793803691.2473425
-147197735.7572233
419267833.2874171
51008316.3085913
-58207827694.0315170
-6562816037.6160183
722637718.7798765
44867276369.4085617
4734579994.4733334
-384328204.5919071
-27805187.2819604
222556309.9217480
9580069.5122799
-34754450991.9327011
-4474738496.5990944
845722596.0339620
33372976837.7073479
4734597676.1921558
-383899966.5394704
25069699.3410792
223014992.3601876
-8500780.0483418
-34754402734.6246414
-6562937213.7242117
721603846.0343665
44866851162.7973938
9725645602.0560055
795224411.7239245
138126276.1629730
409977616.2743136
-49050880.7338532
-58207313827.2985382
-19203820929.3456192
-5662689842.9631472
76403111320.1083221
36057420885.2568283
19051421007.8403015
724534444.7261201
1354975545.0867746
-254562791.3841245
-106506954050.7782440
-73567155559.6238708
-49797823830.5698090
131431887083.9163208
116005794955.0436554
89511412170.7925873
1222417998.5198486
4042102424.9128127
-383353763.2568957
-175264281631.8238525
-137305291452.6256104
-110662580132.8267212
172222441216.6851196
111842854657.6001434
94127275941.4024506
-1760178235.6820982
3713227590.6015129
699208065.6216201
-139619318650.4769897
55510585848.8786697
111064834.6704066
127705901.5130112
225160961.2720261
-1384867295.6375072
-1219002084.8206191
-4072861277.0564051
1296404418.3960419
1155144862.0207944
6372921892.1792946
-1457055760.5404868
-1167889709.6413076
-9843906730.8289814
584574855.3059316
452867201.8899533
-2439408026.7209105
-369571964.6159527
-172874527.0675015
-4869615118.7789164
78799535.2180756
3216567.0210914
-1106665305.1047752
-72608567.9571054
47041492.7304338
-1085172272.0128372
7514723.8170371
-36368157.8926201
884087080.1620594
-35459485.0673497
42719064.8654102
-329316767.3899003
2746471.2177428
-29533894.3560111
973077754.0132116
-35456408.9316251
42712009.9901672
-329356332.9241925
7492759.7980882
-36538001.1179421
883928594.0575615
-72554551.2881574
46989386.8830393
-1085224087.2195466
78451274.0990478
2803201.0474418
-1107079112.5567427
-368408667.9169564
-173849019.7298825
-4869410161.2902412
581080320.2243829
452287601.3470164
-2441790692.3200188
-1449230353.9556844
-1169167273.8147035
-9844690789.8632908
1284864955.8029876
1153882350.5564623
6373247273.0924740
-1373481967.4849763
-1213746985.7283576
-4070030223.0313339
105013877.4579248
125991917.4956512
227073611.3287430
