0.016831
10.142917
9.092723
0.600625
1.266250
0.920125
9.370890
15.194690
0.865405
1.000000
1.000000
1.000000
9.407871
15.214102
0.909216
1.000000
1.000000
1.000000
9.448538
15.235449
0.957396
1.000000
1.000000
1.000000
9.493260
15.258925
1.010380
1.000000
1.000000
1.000000
9.542441
15.271220
1.010380
1.000000
1.000000
1.000000
9.542441
15.258925
0.957396
1.000000
1.000000
1.000000
9.493260
15.235449
0.909216
1.000000
1.000000
1.000000
9.448538
15.214102
0.865405
1.000000
1.000000
1.000000
9.407871
14.043571
10.142917
1.399375
1.266250
1.079875
18.691109
0.357305
13.986319
5.875650
13.945275
23.971273
0.144935
14.939819
24.968409
0.138148
14.933818
24.965259
0.130685
14.927219
24.961796
0.122478
14.919963
24.959981
0.122478
14.919963
24.961796
0.130685
14.927219
24.965259
0.138148
14.933818
24.968409
0.144935
14.939819
23.187648
5.875650
20.191347
0.423535
8.000000
10.823008
0.583760
0.534408
1.305842
1.009105
8.000000
14.000000
0.426000
1.000000
1.000000
1.000000
9.000000
15.000000
0.426000
1.000000
1.000000
1.000000
9.000000
15.000000
0.426000
1.000000
1.000000
1.000000
9.000000
15.000000
0.426000
1.000000
1.000000
1.000000
9.000000
15.000000
0.426000
1.000000
1.000000
1.000000
9.000000
15.000000
0.426000
1.000000
1.000000
1.000000
9.000000
15.000000
0.426000
1.000000
1.000000
1.000000
9.000000
15.000000
0.426000
1.000000
1.000000
1.000000
9.000000
12.842491
10.823008
0.633433
1.492908
1.333158
1.009105
17.331994
12.000000
3.607763
2.659147
12.000000
22.000000
0.142004
15.000000
25.000000
0.142004
15.000000
25.000000
0.142004
15.000000
25.000000
0.142004
15.000000
25.000000
0.142004
15.000000
25.000000
0.142004
15.000000
25.000000
0.142004
15.000000
25.000000
0.142004
15.000000
21.919712
3.607763
2.661907
12.548791
11.603848
6.000000
3.608046
3.354881
0.840233
1.106511
1.000000
6.000000
12.000000
0.142015
1.000000
1.000000
1.000000
9.000000
15.000000
0.142015
1.000000
1.000000
1.000000
9.000000
15.000000
0.142015
1.000000
1.000000
1.000000
9.000000
15.000000
0.142015
1.000000
1.000000
1.000000
9.000000
15.000000
0.142015
1.000000
1.000000
1.000000
9.000000
15.000000
0.142015
1.000000
1.000000
1.000000
9.000000
15.000000
0.142015
1.000000
1.000000
1.000000
9.000000
15.000000
0.142015
1.000000
1.000000
1.000000
9.000000
12.000000
3.608046
3.354881
1.159767
1.106511
1.000000
6.000000
6.000000
10.000000
1.804023
1.568178
10.000000
20.000000
0.071007
15.000000
25.000000
0.071007
15.000000
25.000000
0.071007
15.000000
25.000000
0.071007
15.000000
25.000000
0.071007
15.000000
25.000000
0.071007
15.000000
25.000000
0.071007
15.000000
25.000000
0.071007
15.000000
20.000000
1.804023
1.568178
10.000000
10.000000
6.000000
3.608046
3.354881
0.840233
1.106511
1.000000
6.000000
12.000000
0.142015
1.000000
1.000000
1.000000
9.000000
15.000000
0.142015
1.000000
1.000000
1.000000
9.000000
15.000000
0.142015
1.000000
1.000000
1.000000
9.000000
15.000000
0.142015
1.000000
1.000000
1.000000
9.000000
15.000000
0.142015
1.000000
1.000000
1.000000
9.000000
15.000000
0.142015
1.000000
1.000000
1.000000
9.000000
15.000000
0.142015
1.000000
1.000000
1.000000
9.000000
15.000000
0.142015
1.000000
1.000000
1.000000
9.000000
12.000000
3.608046
3.354881
1.159767
1.106511
1.000000
6.000000
6.000000
10.000000
1.804023
1.568178
10.000000
20.000000
0.071007
15.000000
25.000000
0.071007
15.000000
25.000000
0.071007
15.000000
25.000000
0.071007
15.000000
25.000000
0.071007
15.000000
25.000000
0.071007
15.000000
25.000000
0.071007
15.000000
25.000000
0.071007
15.000000
20.000000
1.804023
1.568178
10.000000
10.000000
6.000000
3.608046
3.354881
0.840233
1.106511
1.000000
6.000000
12.000000
0.142015
1.000000
1.000000
1.000000
9.000000
15.000000
0.142015
1.000000
1.000000
1.000000
9.000000
15.000000
0.142015
1.000000
1.000000
1.000000
9.000000
15.000000
0.142015
1.000000
1.000000
1.000000
9.000000
15.000000
0.142015
1.000000
1.000000
1.000000
9.000000
15.000000
0.142015
1.000000
1.000000
1.000000
9.000000
15.000000
0.142015
1.000000
1.000000
1.000000
9.000000
15.000000
0.142015
1.000000
1.000000
1.000000
9.000000
12.000000
3.608046
3.354881
1.159767
1.106511
1.000000
6.000000
6.000000
10.000000
4.960569
4.439514
10.000000
20.000000
0.195251
15.000000
25.000000
0.195251
15.000000
25.000000
0.195251
15.000000
25.000000
0.195251
15.000000
25.000000
0.195251
15.000000
25.000000
0.195251
15.000000
25.000000
0.195251
15.000000
25.000000
0.195251
15.000000
20.000000
4.960569
4.439514
10.000000
10.000000
6.000000
16.234230
14.840223
0.281137
1.479242
1.000000
6.000000
12.000000
0.638989
1.000000
1.000000
1.000000
9.000000
15.000000
0.638989
1.000000
1.000000
1.000000
9.000000
15.000000
0.638989
1.000000
1.000000
1.000000
9.000000
15.000000
0.638989
1.000000
1.000000
1.000000
9.000000
15.000000
0.638989
1.000000
1.000000
1.000000
9.000000
15.000000
0.638989
1.000000
1.000000
1.000000
9.000000
15.000000
0.638989
1.000000
1.000000
1.000000
9.000000
15.000000
0.638989
1.000000
1.000000
1.000000
9.000000
12.000000
16.234230
14.840223
1.718863
1.479242
1.000000
6.000000
6.000000
10.000000
8.117115
7.310849
10.000000
20.000000
0.319494
15.000000
25.000000
0.319494
15.000000
25.000000
0.319494
15.000000
25.000000
0.319494
15.000000
25.000000
0.319494
15.000000
25.000000
0.319494
15.000000
25.000000
0.319494
15.000000
25.000000
0.319494
15.000000
20.000000
8.117115
7.310849
10.000000
10.000000
6.000000
16.234230
14.840223
0.281137
1.479242
1.000000
6.000000
12.000000
0.638989
1.000000
1.000000
1.000000
9.000000
15.000000
0.638989
1.000000
1.000000
1.000000
9.000000
15.000000
0.638989
1.000000
1.000000
1.000000
9.000000
15.000000
0.638989
1.000000
1.000000
1.000000
9.000000
15.000000
0.638989
1.000000
1.000000
1.000000
9.000000
15.000000
0.638989
1.000000
1.000000
1.000000
9.000000
15.000000
0.638989
1.000000
1.000000
1.000000
9.000000
15.000000
0.638989
1.000000
1.000000
1.000000
9.000000
12.000000
16.234230
14.840223
1.718862
1.479242
1.000000
6.000000
6.000000
10.000000
8.117115
7.310849
10.000000
20.000000
0.319494
15.000000
25.000000
0.319494
15.000000
25.000000
0.319494
15.000000
25.000000
0.319494
15.000000
25.000000
0.319494
15.000000
25.000000
0.319494
15.000000
25.000000
0.319494
15.000000
25.000000
0.319494
15.000000
20.000000
8.117115
7.310849
10.000000
10.000000
6.000000
16.234230
14.840223
0.281138
1.479242
1.000000
6.000000
12.000000
0.638989
1.000000
1.000000
1.000000
9.000000
15.000000
0.638989
1.000000
1.000000
1.000000
9.000000
15.000000
0.638989
1.000000
1.000000
1.000000
9.000000
15.000000
0.638989
1.000000
1.000000
1.000000
9.000000
15.000000
0.638989
1.000000
1.000000
1.000000
9.000000
15.000000
0.638989
1.000000
1.000000
1.000000
9.000000
15.000000
0.638989
1.000000
1.000000
1.000000
9.000000
15.000000
0.638989
1.000000
1.000000
1.000000
9.000000
12.000000
16.234230
14.840223
1.718862
1.479242
1.000000
6.000000
6.000000
10.000000
8.117115
7.310849
10.000000
20.000000
0.319494
15.000000
25.000000
0.319494
15.000000
25.000000
0.319494
15.000000
25.000000
0.319494
15.000000
25.000000
0.319494
15.000000
25.000000
0.319494
15.000000
25.000000
0.319494
15.000000
25.000000
0.319494
15.000000
20.000000
8.117115
7.310849
10.000000
10.000000
6.000000
16.234230
14.840223
0.281137
1.479242
1.000000
6.000000
12.000000
0.638989
1.000000
1.000000
1.000000
9.000000
15.000000
0.638989
1.000000
1.000000
1.000000
9.000000
15.000000
0.638989
1.000000
1.000000
1.000000
9.000000
15.000000
0.638989
1.000000
1.000000
1.000000
9.000000
15.000000
0.638989
1.000000
1.000000
1.000000
9.000000
15.000000
0.638989
1.000000
1.000000
1.000000
9.000000
15.000000
0.638989
1.000000
1.000000
1.000000
9.000000
15.000000
0.638989
1.000000
1.000000
1.000000
9.000000
12.000000
16.234230
14.840223
1.718862
1.479242
1.000000
6.000000
6.000000
10.000000
8.117115
7.310849
10.000000
20.000000
0.319494
15.000000
25.000000
0.319494
15.000000
25.000000
0.319494
15.000000
25.000000
0.319494
15.000000
25.000000
0.319494
15.000000
25.000000
0.319494
15.000000
25.000000
0.319494
15.000000
25.000000
0.319494
15.000000
20.000000
8.117115
7.310849
10.000000
10.000000
6.000000
16.234230
14.840223
0.281137
1.479242
1.000000
6.000000
12.000000
0.638989
1.000000
1.000000
1.000000
9.000000
15.000000
0.638989
1.000000
1.000000
1.000000
9.000000
15.000000
0.638989
1.000000
1.000000
1.000000
9.000000
15.000000
0.638989
1.000000
1.000000
1.000000
9.000000
15.000000
0.638989
1.000000
1.000000
1.000000
9.000000
15.000000
0.638989
1.000000
1.000000
1.000000
9.000000
15.000000
0.638989
1.000000
1.000000
1.000000
9.000000
15.000000
0.638989
1.000000
1.000000
1.000000
9.000000
12.000000
16.234230
14.840223
1.718863
1.479242
1.000000
6.000000
6.000000
10.000000
8.117115
7.310849
10.000000
20.000000
0.319494
15.000000
25.000000
0.319494
15.000000
25.000000
0.319494
15.000000
25.000000
0.319494
15.000000
25.000000
0.319494
15.000000
25.000000
0.319494
15.000000
25.000000
0.319494
15.000000
25.000000
0.319494
15.000000
20.000000
8.117115
7.310849
10.000000
10.000000
6.000000
16.234230
14.840223
0.281137
1.479242
1.000000
6.000000
12.000000
0.638989
1.000000
1.000000
1.000000
9.000000
15.000000
0.638989
1.000000
1.000000
1.000000
9.000000
15.000000
0.638989
1.000000
1.000000
1.000000
9.000000
15.000000
0.638989
1.000000
1.000000
1.000000
9.000000
15.000000
0.638989
1.000000
1.000000
1.000000
9.000000
15.000000
0.638989
1.000000
1.000000
1.000000
9.000000
15.000000
0.638989
1.000000
1.000000
1.000000
9.000000
15.000000
0.638989
1.000000
1.000000
1.000000
9.000000
12.000000
16.234230
14.840223
1.718863
1.479242
1.000000
6.000000
6.000000
10.000000
8.117115
7.310849
10.000000
20.000000
0.319494
15.000000
25.000000
0.319494
15.000000
25.000000
0.319494
15.000000
25.000000
0.319494
15.000000
25.000000
0.319494
15.000000
25.000000
0.319494
15.000000
25.000000
0.319494
15.000000
25.000000
0.319494
15.000000
20.000000
8.117115
7.310849
10.000000
10.000000
6.000000
16.234230
14.840223
0.281138
1.479242
1.000000
6.000000
12.000000
0.638989
1.000000
1.000000
1.000000
9.000000
15.000000
0.638989
1.000000
1.000000
1.000000
9.000000
15.000000
0.638989
1.000000
1.000000
1.000000
9.000000
15.000000
0.638989
1.000000
1.000000
1.000000
9.000000
15.000000
0.638989
1.000000
1.000000
1.000000
9.000000
15.000000
0.638989
1.000000
1.000000
1.000000
9.000000
15.000000
0.638989
1.000000
1.000000
1.000000
9.000000
15.000000
0.638989
1.000000
1.000000
1.000000
9.000000
12.000000
16.234230
14.840223
1.718862
1.479242
1.000000
6.000000
6.000000
10.000000
8.117115
7.310849
10.000000
20.000000
0.319494
15.000000
25.000000
0.319494
15.000000
25.000000
0.319494
15.000000
25.000000
0.319494
15.000000
25.000000
0.319494
15.000000
25.000000
0.319494
15.000000
25.000000
0.319494
15.000000
25.000000
0.319494
15.000000
20.000000
8.117115
7.310849
10.000000
10.000000
6.000000
16.234230
14.840223
0.281138
1.479242
1.000000
6.000000
12.000000
0.638989
1.000000
1.000000
1.000000
9.000000
15.000000
0.638989
1.000000
1.000000
1.000000
9.000000
15.000000
0.638989
1.000000
1.000000
1.000000
9.000000
15.000000
0.638989
1.000000
1.000000
1.000000
9.000000
15.000000
0.638989
1.000000
1.000000
1.000000
9.000000
15.000000
0.638989
1.000000
1.000000
1.000000
9.000000
15.000000
0.638989
1.000000
1.000000
1.000000
9.000000
15.000000
0.638989
1.000000
1.000000
1.000000
9.000000
12.000000
16.234230
14.840223
1.718862
1.479242
1.000000
6.000000
6.000000
10.000000
5.410728
4.848999
10.000000
20.000000
0.212969
15.000000
25.000000
0.212969
15.000000
25.000000
0.212969
15.000000
25.000000
0.212969
15.000000
25.000000
0.212969
15.000000
25.000000
0.212969
15.000000
25.000000
0.212969
15.000000
25.000000
0.212969
15.000000
20.000000
5.410728
4.848999
10.000000
10.000000
6.000000
5.408681
4.992820
0.760500
1.159667
1.000000
6.000000
12.000000
0.212889
1.000000
1.000000
1.000000
9.000000
15.000000
0.212889
1.000000
1.000000
1.000000
9.000000
15.000000
0.212889
1.000000
1.000000
1.000000
9.000000
15.000000
0.212889
1.000000
1.000000
1.000000
9.000000
15.000000
0.212889
1.000000
1.000000
1.000000
9.000000
15.000000
0.212889
1.000000
1.000000
1.000000
9.000000
15.000000
0.212889
1.000000
1.000000
1.000000
9.000000
15.000000
0.212889
1.000000
1.000000
1.000000
9.000000
12.000000
5.408681
4.992820
1.239500
1.159667
1.000000
6.000000
6.000000
10.000000
2.704341
2.387148
10.000000
20.000000
0.106444
15.000000
25.000000
0.106444
15.000000
25.000000
0.106444
15.000000
25.000000
0.106444
15.000000
25.000000
0.106444
15.000000
25.000000
0.106444
15.000000
25.000000
0.106444
15.000000
25.000000
0.106444
15.000000
20.000000
2.704341
2.387148
10.000000
10.000000
6.000000
5.408681
4.992820
0.760500
1.159667
1.000000
6.000000
12.000000
0.212889
1.000000
1.000000
1.000000
9.000000
15.000000
0.212889
1.000000
1.000000
1.000000
9.000000
15.000000
0.212889
1.000000
1.000000
1.000000
9.000000
15.000000
0.212889
1.000000
1.000000
1.000000
9.000000
15.000000
0.212889
1.000000
1.000000
1.000000
9.000000
15.000000
0.212889
1.000000
1.000000
1.000000
9.000000
15.000000
0.212889
1.000000
1.000000
1.000000
9.000000
15.000000
0.212889
1.000000
1.000000
1.000000
9.000000
12.000000
5.408681
4.992820
1.239500
1.159667
1.000000
6.000000
6.000000
10.000000
2.704341
2.387148
10.000000
20.000000
0.106444
15.000000
25.000000
0.106444
15.000000
25.000000
0.106444
15.000000
25.000000
0.106444
15.000000
25.000000
0.106444
15.000000
25.000000
0.106444
15.000000
25.000000
0.106444
15.000000
25.000000
0.106444
15.000000
20.000000
2.704341
2.387148
10.000000
10.000000
6.000000
5.408681
4.992820
0.760500
1.159667
1.000000
6.000000
12.000000
0.212889
1.000000
1.000000
1.000000
9.000000
15.000000
0.212889
1.000000
1.000000
1.000000
9.000000
15.000000
0.212889
1.000000
1.000000
1.000000
9.000000
15.000000
0.212889
1.000000
1.000000
1.000000
9.000000
15.000000
0.212889
1.000000
1.000000
1.000000
9.000000
15.000000
0.212889
1.000000
1.000000
1.000000
9.000000
15.000000
0.212889
1.000000
1.000000
1.000000
9.000000
15.000000
0.212889
1.000000
1.000000
1.000000
9.000000
12.000000
5.408681
4.992820
1.239500
1.159667
1.000000
6.000000
6.000000
10.000000
2.704341
2.387148
10.000000
20.000000
0.106444
15.000000
25.000000
0.106444
15.000000
25.000000
0.106444
15.000000
25.000000
0.106444
15.000000
25.000000
0.106444
15.000000
25.000000
0.106444
15.000000
25.000000
0.106444
15.000000
25.000000
0.106444
15.000000
20.000000
2.704341
2.387148
10.000000
10.000000
6.000000
5.408681
4.992820
0.760500
1.159667
1.000000
6.000000
12.000000
0.212889
1.000000
1.000000
1.000000
9.000000
15.000000
0.212889
1.000000
1.000000
1.000000
9.000000
15.000000
0.212889
1.000000
1.000000
1.000000
9.000000
15.000000
0.212889
1.000000
1.000000
1.000000
9.000000
15.000000
0.212889
1.000000
1.000000
1.000000
9.000000
15.000000
0.212889
1.000000
1.000000
1.000000
9.000000
15.000000
0.212889
1.000000
1.000000
1.000000
9.000000
15.000000
0.212889
1.000000
1.000000
1.000000
9.000000
12.000000
5.408681
4.992820
1.239500
1.159667
1.000000
6.000000
6.000000
10.000000
5.411363
4.849576
10.000000
20.000000
0.212994
15.000000
25.000000
0.212994
15.000000
25.000000
0.212994
15.000000
25.000000
0.212994
15.000000
25.000000
0.212994
15.000000
25.000000
0.212994
15.000000
25.000000
0.212994
15.000000
25.000000
0.212994
15.000000
20.000000
5.411363
4.849576
10.000000
10.000000
6.000000
16.236770
14.842534
0.281025
1.479317
1.000000
6.000000
12.000000
0.639089
1.000000
1.000000
1.000000
9.000000
15.000000
0.639089
1.000000
1.000000
1.000000
9.000000
15.000000
0.639089
1.000000
1.000000
1.000000
9.000000
15.000000
0.639089
1.000000
1.000000
1.000000
9.000000
15.000000
0.639089
1.000000
1.000000
1.000000
9.000000
15.000000
0.639089
1.000000
1.000000
1.000000
9.000000
15.000000
0.639089
1.000000
1.000000
1.000000
9.000000
15.000000
0.639089
1.000000
1.000000
1.000000
9.000000
12.000000
16.236770
14.842534
1.718975
1.479317
1.000000
6.000000
6.000000
10.000000
8.118385
7.312005
10.000000
20.000000
0.319544
15.000000
25.000000
0.319544
15.000000
25.000000
0.319544
15.000000
25.000000
0.319544
15.000000
25.000000
0.319544
15.000000
25.000000
0.319544
15.000000
25.000000
0.319544
15.000000
25.000000
0.319544
15.000000
20.000000
8.118385
7.312005
10.000000
10.000000
6.000000
16.236770
14.842534
0.281025
1.479317
1.000000
6.000000
12.000000
0.639089
1.000000
1.000000
1.000000
9.000000
15.000000
0.639089
1.000000
1.000000
1.000000
9.000000
15.000000
0.639089
1.000000
1.000000
1.000000
9.000000
15.000000
0.639089
1.000000
1.000000
1.000000
9.000000
15.000000
0.639089
1.000000
1.000000
1.000000
9.000000
15.000000
0.639089
1.000000
1.000000
1.000000
9.000000
15.000000
0.639089
1.000000
1.000000
1.000000
9.000000
15.000000
0.639089
1.000000
1.000000
1.000000
9.000000
12.000000
16.236770
14.842534
1.718975
1.479317
1.000000
6.000000
6.000000
10.000000
8.118385
7.312005
10.000000
20.000000
0.319544
15.000000
25.000000
0.319544
15.000000
25.000000
0.319544
15.000000
25.000000
0.319544
15.000000
25.000000
0.319544
15.000000
25.000000
0.319544
15.000000
25.000000
0.319544
15.000000
25.000000
0.319544
15.000000
20.000000
8.118385
7.312005
10.000000
10.000000
6.000000
16.236770
14.842534
0.281025
1.479317
1.000000
6.000000
12.000000
0.639089
1.000000
1.000000
1.000000
9.000000
15.000000
0.639089
1.000000
1.000000
1.000000
9.000000
15.000000
0.639089
1.000000
1.000000
1.000000
9.000000
15.000000
0.639089
1.000000
1.000000
1.000000
9.000000
15.000000
0.639089
1.000000
1.000000
1.000000
9.000000
15.000000
0.639089
1.000000
1.000000
1.000000
9.000000
15.000000
0.639089
1.000000
1.000000
1.000000
9.000000
15.000000
0.639089
1.000000
1.000000
1.000000
9.000000
12.000000
16.236770
14.842534
1.718975
1.479317
1.000000
6.000000
6.000000
10.000000
8.118385
7.312005
10.000000
20.000000
0.319544
15.000000
25.000000
0.319544
15.000000
25.000000
0.319544
15.000000
25.000000
0.319544
15.000000
25.000000
0.319544
15.000000
25.000000
0.319544
15.000000
25.000000
0.319544
15.000000
25.000000
0.319544
15.000000
20.000000
8.118385
7.312005
10.000000
10.000000
6.000000
16.236770
14.842534
0.281025
1.479317
1.000000
6.000000
12.000000
0.639089
1.000000
1.000000
1.000000
9.000000
15.000000
0.639089
1.000000
1.000000
1.000000
9.000000
15.000000
0.639089
1.000000
1.000000
1.000000
9.000000
15.000000
0.639089
1.000000
1.000000
1.000000
9.000000
15.000000
0.639089
1.000000
1.000000
1.000000
9.000000
15.000000
0.639089
1.000000
1.000000
1.000000
9.000000
15.000000
0.639089
1.000000
1.000000
1.000000
9.000000
15.000000
0.639089
1.000000
1.000000
1.000000
9.000000
12.000000
16.236770
14.842534
1.718975
1.479317
1.000000
6.000000
6.000000
10.000000
8.118385
7.312005
10.000000
20.000000
0.319544
15.000000
25.000000
0.319544
15.000000
25.000000
0.319544
15.000000
25.000000
0.319544
15.000000
25.000000
0.319544
15.000000
25.000000
0.319544
15.000000
25.000000
0.319544
15.000000
25.000000
0.319544
15.000000
20.000000
8.118385
7.312005
10.000000
10.000000
6.000000
16.236770
14.842534
0.281025
1.479317
1.000000
6.000000
12.000000
0.639089
1.000000
1.000000
1.000000
9.000000
15.000000
0.639089
1.000000
1.000000
1.000000
9.000000
15.000000
0.639089
1.000000
1.000000
1.000000
9.000000
15.000000
0.639089
1.000000
1.000000
1.000000
9.000000
15.000000
0.639089
1.000000
1.000000
1.000000
9.000000
15.000000
0.639089
1.000000
1.000000
1.000000
9.000000
15.000000
0.639089
1.000000
1.000000
1.000000
9.000000
15.000000
0.639089
1.000000
1.000000
1.000000
9.000000
12.000000
16.236770
14.842534
1.718975
1.479317
1.000000
6.000000
6.000000
10.000000
8.118385
7.312005
10.000000
20.000000
0.319544
15.000000
25.000000
0.319544
15.000000
25.000000
0.319544
15.000000
25.000000
0.319544
15.000000
25.000000
0.319544
15.000000
25.000000
0.319544
15.000000
25.000000
0.319544
15.000000
25.000000
0.319544
15.000000
20.000000
8.118385
7.312005
10.000000
10.000000
6.000000
16.236770
14.842534
0.281025
1.479317
1.000000
6.000000
12.000000
0.639089
1.000000
1.000000
1.000000
9.000000
15.000000
0.639089
1.000000
1.000000
1.000000
9.000000
15.000000
0.639089
1.000000
1.000000
1.000000
9.000000
15.000000
0.639089
1.000000
1.000000
1.000000
9.000000
15.000000
0.639089
1.000000
1.000000
1.000000
9.000000
15.000000
0.639089
1.000000
1.000000
1.000000
9.000000
15.000000
0.639089
1.000000
1.000000
1.000000
9.000000
15.000000
0.639089
1.000000
1.000000
1.000000
9.000000
12.000000
16.236770
14.842534
1.718975
1.479317
1.000000
6.000000
6.000000
10.000000
8.118385
7.312005
10.000000
20.000000
0.319544
15.000000
25.000000
0.319544
15.000000
25.000000
0.319544
15.000000
25.000000
0.319544
15.000000
25.000000
0.319544
15.000000
25.000000
0.319544
15.000000
25.000000
0.319544
15.000000
25.000000
0.319544
15.000000
20.000000
8.118385
7.312005
10.000000
10.000000
6.000000
16.236770
14.842534
0.281025
1.479317
1.000000
6.000000
12.000000
0.639089
1.000000
1.000000
1.000000
9.000000
15.000000
0.639089
1.000000
1.000000
1.000000
9.000000
15.000000
0.639089
1.000000
1.000000
1.000000
9.000000
15.000000
0.639089
1.000000
1.000000
1.000000
9.000000
15.000000
0.639089
1.000000
1.000000
1.000000
9.000000
15.000000
0.639089
1.000000
1.000000
1.000000
9.000000
15.000000
0.639089
1.000000
1.000000
1.000000
9.000000
15.000000
0.639089
1.000000
1.000000
1.000000
9.000000
12.000000
16.236770
14.842534
1.718975
1.479317
1.000000
6.000000
6.000000
10.000000
8.118385
7.312005
10.000000
20.000000
0.319544
15.000000
25.000000
0.319544
15.000000
25.000000
0.319544
15.000000
25.000000
0.319544
15.000000
25.000000
0.319544
15.000000
25.000000
0.319544
15.000000
25.000000
0.319544
15.000000
25.000000
0.319544
15.000000
20.000000
8.118385
7.312005
10.000000
10.000000
6.000000
16.236770
14.842534
0.281025
1.479317
1.000000
6.000000
12.000000
0.639089
1.000000
1.000000
1.000000
9.000000
15.000000
0.639089
1.000000
1.000000
1.000000
9.000000
15.000000
0.639089
1.000000
1.000000
1.000000
9.000000
15.000000
0.639089
1.000000
1.000000
1.000000
9.000000
15.000000
0.639089
1.000000
1.000000
1.000000
9.000000
15.000000
0.639089
1.000000
1.000000
1.000000
9.000000
15.000000
0.639089
1.000000
1.000000
1.000000
9.000000
15.000000
0.639089
1.000000
1.000000
1.000000
9.000000
12.000000
16.236770
14.842534
1.718975
1.479317
1.000000
6.000000
6.000000
11.000000
7.286054
6.602092
11.000000
21.000000
0.266217
15.000000
25.000000
0.266217
15.000000
25.000000
0.266217
15.000000
25.000000
0.266217
15.000000
25.000000
0.266217
15.000000
25.000000
0.266217
15.000000
25.000000
0.266217
15.000000
25.000000
0.266217
15.000000
21.000000
7.286054
6.602092
11.000000
11.000000
7.000000
9.751996
8.847432
0.587176
1.279769
1.070728
7.000000
13.000000
0.425778
1.000000
1.000000
1.000000
9.000000
15.000000
0.425778
1.000000
1.000000
1.000000
9.000000
15.000000
0.425778
1.000000
1.000000
1.000000
9.000000
15.000000
0.425778
1.000000
1.000000
1.000000
9.000000
15.000000
0.425778
1.000000
1.000000
1.000000
9.000000
15.000000
0.425778
1.000000
1.000000
1.000000
9.000000
15.000000
0.425778
1.000000
1.000000
1.000000
9.000000
15.000000
0.425778
1.000000
1.000000
1.000000
9.000000
13.000000
9.751996
8.847432
1.385509
1.252453
0.911061
7.000000
7.000000
7.000000
0.657893
0.322490
7.000000
13.000000
0.106444
9.000000
15.000000
0.106444
9.000000
15.000000
0.106444
9.000000
15.000000
0.106444
9.000000
15.000000
0.106444
9.000000
15.000000
0.106444
9.000000
15.000000
0.106444
9.000000
15.000000
0.106444
9.000000
13.000000
0.657893
0.322490
7.000000
7.000000
