1.000000
1.000000
1.000000
1.000000
18.099165
18.641004
1.000000
1.000000
1.000000
1.000000
15.206315
16.575631
16.546698
16.177429
1.000000
1.000000
14.874280
15.340132
1.000000
10.077778
10.077778
9.125625
10.549646
1.000000
1.000000
4.360908
6.857938
12.028944
11.879666
1.000000
1.000000
9.585568
9.670266
5.800000
6.133333
6.000000
10.009741
10.371692
1.000000
1.000000
4.781804
7.759670
13.636548
10.330518
1.000000
1.000000
11.973799
10.485654
5.800000
6.133333
6.000000
17.642445
14.402419
1.000000
1.000000
6.300959
6.652459
16.285162
7.744562
1.000000
1.000000
14.377594
10.182109
5.800000
6.133333
6.000000
1.000000
1.000000
1.000000
1.000000
16.208453
17.590158
1.000000
1.000000
1.000000
1.000000
23.647271
25.224558
11.000000
10.144444
10.144444
1.000000
1.000000
9.265180
9.285108
1.000000
1.000000
10.519834
11.464466
4.646345
5.343008
6.434090
8.207456
5.800000
6.000000
6.133333
1.016538
0.296046
1.983765
1.288739
0.000000
0.000000
1.550682
3.862334
2.182213
4.529463
1.000000
0.000000
9.744463
9.490122
1.583197
6.248626
2.542764
3.728914
1.000000
1.000000
1.000000
12.432570
16.531727
1.000000
1.000000
11.697256
15.376986
6.200000
7.000000
6.133333
1.000000
1.000000
10.259942
8.195716
1.000000
1.000000
11.250094
9.863906
5.077625
3.101592
7.304727
6.233308
6.800000
6.000000
6.133333
0.153554
1.691530
0.000000
2.405762
3.800194
4.041438
6.039837
0.000000
8.463777
11.728766
3.153142
5.382996
6.739768
5.784433
0.000000
0.000000
0.000000
1.000000
1.000000
10.473735
17.909063
1.000000
1.000000
8.750473
18.049226
7.200000
6.000000
6.133333
1.000000
1.000000
18.694496
16.320899
1.000000
1.000000
15.562158
14.639335
6.729234
2.310850
8.835417
6.219584
5.800000
6.000000
6.133333
12.997516
8.056016
9.469659
1.997550
0.022595
2.076237
0.000000
8.307956
9.513600
8.687192
3.240682
5.920151
2.326249
10.268266
24.270944
12.842538
4.532065
9.728297
10.693230
0.000000
0.000000
1.000000
1.000000
4.553093
24.182399
1.000000
1.000000
4.396258
21.424720
6.200000
6.000000
6.133333
1.000000
1.000000
1.000000
1.000000
1.000000
1.000000
1.000000
1.000000
16.428366
13.911292
15.658543
14.559751
10.000000
10.144444
10.144444
1.000000
1.000000
1.000000
1.000000
15.412688
7.754289
13.820988
3.347497
6.200000
6.133333
6.000000
1.000000
1.000000
1.000000
1.000000
18.868774
8.624212
19.958635
2.945924
6.200000
6.133333
6.000000
1.000000
1.000000
1.000000
1.000000
10.680291
19.935081
12.606954
3.558798
6.200000
6.133333
6.000000
1.000000
1.000000
1.000000
1.000000
1.000000
1.000000
1.031193
32.436909
11.333333
10.077778
10.077778
